"","small_tortoiseshell","orange_tip","purple_emperor","ringlet","high_brown_fritillary","dark.green_fritillary","silver.washed_fritillary","brown_argus","northern_brown_argus","pearl_bordered_fritillary","small_pearl.bordered_fritillary","green_hairstreak","chequered_skipper","holly_blue","small_heath","large_heath","clouded_yellow","small_blue","scotch_argus","mountain_ringlet","dingy_skipper","marsh_fritillary","brimstone","duke_of_burgundy_fritillary","silver.spotted_skipper","grayling","peacock","wall.brown","small_copper","adonis_blue","chalk.hill_blue","meadow_brown","marble_white","glanville_fritillary","heath_fritillary","purple_hairstreak","camberwell_beauty","large_skipper","swallowtail","speckled_wood","large_white","green.veined_white","small_white","silver.studded_blue","comma","common_blue","grizzled_skipper","gatekeeper","black_hairstreak","brown_hairstreak","lulworth_skipper","essex_skipper","small_skipper","red_admiral","painted_lady"
"small_tortoiseshell",1,0.0083752077555726,0.00487233584848249,0.00784751378486574,-0.0905404194081106,-0.0621428882628913,-0.0397236874678199,0.0177432359690649,-0.00834713395969999,-0.0852083981882655,-0.118643930541359,-0.00780001748211082,-0.415231058713877,0.0174425843290104,-0.00797188221962652,-0.159398215422445,-0.00293777584421817,-0.00558836618573496,-0.334109719318695,-0.16254293348497,-0.00107126315929991,-0.0992053489376691,0.0173480120026303,0.000553284692818142,0.00505869197135608,-0.122609723216648,0.0163170558040403,0.0144908300776532,-0.00610736463914378,1.03918411843418e-05,0.00993028465278755,0.00215731416220042,0.000299590709129567,-0.159937116571846,-0.0377813290048508,0.00945528868112259,-0.0186999330435787,0.0140436513061882,-0.0981707799287252,-0.00376207055167686,0.0186155860198334,-0.0128747733060145,0.0112818832234086,-0.0351199988085006,0.0221831233323422,-0.0175950177873713,0.00637055015868791,0.0104908007528931,0.024390900920183,-0.0427959672489102,-0.109367092632512,0.0308833954631705,0.0234937653674394,0.00985126263936888,0.0104511497580269
"orange_tip",0.0083752077555726,1,0.517136455476938,0.488411375104454,0.169796917896522,0.278153526495142,0.450801378898448,0.544556334480707,0.072221194287598,0.178336367563312,0.0937451664207439,0.377600566655451,-0.383989349831312,0.695420156254829,0.516869805457054,-0.13895386515357,0.407196069665029,0.432268233212861,-0.297930371324348,-0.149711547286295,0.502708303332038,0.0895436207798539,0.658831705351612,0.523954854504938,0.62084698374869,-0.0197367728794632,0.654385061563008,0.432618420081458,0.430055014920937,0.593930643582405,0.700564829780597,0.582198334867501,0.605240929103727,-0.151905990685761,0.0567945643496394,0.512021855945523,0.441334468662263,0.696397937423965,-0.102722428760065,0.326856849840144,0.63153823658928,0.553052640961926,0.674462775595916,0.139903642251766,0.675905391202264,0.446538580493614,0.661143060147363,0.726539187724646,0.349151903043007,0.291349408200162,-0.0772486010099597,0.401472597126976,0.669057351422036,0.642808397539599,0.537679039116301
"purple_emperor",0.00487233584848249,0.517136455476938,1,0.39810831024715,0.149814016544799,0.23603336147227,0.376468135122635,0.43667093146601,0.0614816213521421,0.150048766223968,0.0718790448296093,0.319797530745361,-0.339214741846878,0.554852163031204,0.430191921836899,-0.121038143157187,0.34465999252971,0.363361727901856,-0.272519429187443,-0.129432568657829,0.413427809093168,0.07975993374218,0.527264645691012,0.440108905441087,0.508154139929248,-0.0169555926357376,0.519435802159547,0.347559180480794,0.363745357995601,0.500315730422504,0.566360490322465,0.488250822070974,0.500774701248075,-0.131522785277293,0.0477123868359899,0.419200545723085,0.369760076076686,0.553815411160839,-0.0959704163215611,0.277361179517388,0.497149100052265,0.468015910276882,0.545389869266753,0.12219551084954,0.530852927029993,0.370297163071067,0.537198877318153,0.584335108332374,0.272407986728459,0.247236865991133,-0.056437695454888,0.293402429111089,0.526233389265436,0.515088321110911,0.436459675433204
"ringlet",0.00784751378486574,0.488411375104454,0.39810831024715,1,0.0776580658331324,0.168473230290976,0.302799747397196,0.451094197487293,0.045230307221286,0.0867134509285389,0.0129036887069267,0.272256333039882,-0.349533802106256,0.556655840350143,0.374050805044005,-0.139937008722683,0.297860823323521,0.311897026640943,-0.287551444904794,-0.139966880679191,0.367113911549271,0.0191893985255375,0.525755070390541,0.396814213800434,0.477596770747262,-0.0605318264423655,0.521806604214122,0.355446447552459,0.309030079581055,0.443969501045827,0.543162527432249,0.436620777804939,0.451691480549209,-0.15539231438537,0.0124873420715663,0.403620208087181,0.308198359649144,0.551398409694197,-0.0616584898213055,0.237982031294879,0.507475039138716,0.384380498510182,0.526601452095286,0.0796031273902914,0.54615827264862,0.307679633774175,0.506800579567992,0.562814486209015,0.317611019590412,0.187215853745758,-0.103157271822385,0.363736645457647,0.547153586023013,0.499601051279547,0.423215049578625
"high_brown_fritillary",-0.0905404194081106,0.169796917896522,0.149814016544799,0.0776580658331324,1,0.466209422650018,0.478477460742734,-0.0608575159213474,0.0923786107175931,0.434667509520024,0.460250168725825,0.274998403189412,0.144350440098576,0.00313651692669394,0.356246407935262,0.136780353255729,0.236742462030323,0.283704124366578,0.258742559440721,0.0540494764104127,0.265618993983121,0.422559294041822,0.00683962494521066,0.249057591071136,0.167995854505784,0.354280909730307,0.00889069548626358,-0.0672233388137691,0.27943500063424,0.278992182981919,0.140292895570217,0.22800184878035,0.271333447876185,0.0862133984340582,0.176157479810348,0.0844286782544392,0.37407278071518,0.0570696063560804,-0.280441950785696,0.212790181109251,-0.0435009109005327,0.430096178527288,0.11907644435823,0.249730223766454,-0.0679248328007809,0.373499985026581,0.199783170271829,0.13977782278059,-0.290976330754371,0.399368669801388,0.143212010309061,-0.365193994465109,-0.0986710173029345,0.116740747577081,0.0598436439965261
"dark.green_fritillary",-0.0621428882628913,0.278153526495142,0.23603336147227,0.168473230290976,0.466209422650018,1,0.545586824171535,0.0470140405324604,0.105964590733746,0.457357334957803,0.475684523669271,0.334279013946759,0.0940769211180182,0.135292861218786,0.438195497993183,0.115803024211793,0.298319991052376,0.341939308784011,0.217612020398991,0.0382588133986905,0.346553496207111,0.431345733273773,0.135462190817918,0.325225572725554,0.258731698449199,0.346064729536954,0.14016837594744,0.0220903841105894,0.342845148129954,0.36693335173566,0.265677781430791,0.331754413148791,0.374112211664111,0.0829766334108673,0.182781621698503,0.173736419638676,0.437954240971959,0.183179582946043,-0.256655908634355,0.258337097139549,0.0838603775037851,0.516267646728772,0.240950299144169,0.25773525748571,0.0689740355998068,0.439816127153252,0.309323650510759,0.269063709084124,-0.199169296075569,0.435481865978554,0.139851037842725,-0.251585496536211,0.0377772229942219,0.231576028167628,0.16288431983139
"silver.washed_fritillary",-0.0397236874678199,0.450801378898448,0.376468135122635,0.302799747397196,0.478477460742734,0.545586824171535,1,0.222074293726197,0.123503019639857,0.470249411356047,0.457736417929456,0.422876487532429,-0.0369724501242737,0.339589623263063,0.564050532569716,0.0637405874098256,0.403048946534546,0.450389816362628,0.0970325331655477,0.000577579809370829,0.471451785276042,0.422045943159,0.326450856030466,0.462568749739716,0.444181505121909,0.306174929414878,0.330389434601309,0.158542983693663,0.446185149613344,0.52544960186696,0.457388258622145,0.48060472867048,0.529781032180602,0.0453528275049673,0.204167562801793,0.314077502850743,0.543583927034422,0.384916099612207,-0.243947359391331,0.338173007230476,0.269843930725286,0.654166301172424,0.427881639142473,0.282340071424421,0.277617445091394,0.54209094617848,0.49003989107337,0.468843868689699,-0.0488700403311512,0.4902883919306,0.134063412929888,-0.0918814951407058,0.246687413378824,0.406242631871261,0.314696363235566
"brown_argus",0.0177432359690649,0.544556334480707,0.43667093146601,0.451094197487293,-0.0608575159213474,0.0470140405324604,0.222074293726197,1,0.00990027332178424,-0.0466786903932926,-0.147557463331541,0.243742596735377,-0.512631256586475,0.695039047607606,0.333587546567112,-0.231677886777432,0.28506590735852,0.288163185725316,-0.467430179579501,-0.222165375161348,0.367909022871667,-0.124927593475337,0.65566840808473,0.407432503351046,0.520148718761758,-0.20108017096618,0.644604562126124,0.457801969878921,0.284776641527356,0.451633369992329,0.625258327235418,0.45310826693467,0.465472784742852,-0.270311757787247,-0.0676040818335015,0.480092455256592,0.242758576581516,0.66971193915242,-0.0189627851750905,0.220282287208804,0.650610503957935,0.315233720498473,0.608690523431329,0.00922732285250266,0.714864726323069,0.249490969934586,0.558214075681422,0.648916552274944,0.477345617820699,0.0985091704195477,-0.22728367249377,0.57822604651569,0.723491558232302,0.576382622846074,0.501175060021372
"northern_brown_argus",-0.00834713395969999,0.072221194287598,0.0614816213521422,0.045230307221286,0.0923786107175931,0.105964590733746,0.123503019639857,0.00990027332178424,1,0.0874373860011459,0.0813278595310386,0.0821538667746657,-0.0351879723235325,0.0275418696401845,0.106123450568688,0.00298283849522776,0.0759067176618827,0.086020559928671,-0.00435906032232161,-0.00274222335671387,0.0879242933875509,0.077707486434221,0.0302007266566701,0.0827087062378209,0.0733469357895872,0.0515890338411586,0.03885485126405,0.00472343857715293,0.0880787354405618,0.0953673301506279,0.0704104358729819,0.0870093544923595,0.0925611421101926,0.0115730907365176,0.0477074388247773,0.0417694824330282,0.105765561695036,0.0467025823197698,-0.0796519107689752,0.0662621790280037,0.0213629723506331,0.128449383651123,0.0657441339736014,0.0600952168579991,0.0134568714713266,0.105645657951268,0.0783682822784632,0.067670943671574,-0.058908522226137,0.0956204080698483,0.030107579279844,-0.0845714304077944,0.00696565041038457,0.0621183532569562,0.0437214310671088
"pearl_bordered_fritillary",-0.0852083981882655,0.178336367563312,0.150048766223968,0.0867134509285389,0.434667509520024,0.457357334957803,0.470249411356047,-0.0466786903932926,0.0874373860011459,1,0.458145754432607,0.274590952452272,0.151674888837601,0.0171738101199899,0.354436396190478,0.133891913651654,0.234178681371448,0.272415280411987,0.256204746578796,0.0524139368687222,0.266321394347788,0.415347439922366,0.0162928792077069,0.244940900143916,0.166106567674382,0.349000573171879,0.0290121405132707,-0.0563775027111205,0.275560758817204,0.277814783684497,0.153554026573926,0.235032080875385,0.2748080613857,0.0920931521830658,0.165249637581862,0.085139799172071,0.369137033409913,0.0698796841068675,-0.260135341672985,0.207166262103937,-0.0205282290764409,0.421478718403228,0.133332223745376,0.236217560658617,-0.0472817689793362,0.368971067198646,0.206598904916658,0.154887895250058,-0.268675338361071,0.390583602132593,0.138380695143773,-0.331682565511458,-0.0774357552885039,0.126041546986042,0.0726532576107324
"small_pearl.bordered_fritillary",-0.118643930541359,0.0937451664207439,0.0718790448296093,0.0129036887069267,0.460250168725824,0.475684523669271,0.457736417929456,-0.147557463331541,0.0813278595310386,0.458145754432606,1,0.243735852775978,0.243451882973847,-0.0978830358565639,0.309531476490079,0.17447375994472,0.192286868847712,0.23550907366314,0.352672371347394,0.0724882473750534,0.215191230782277,0.458838079036947,-0.0872425313509522,0.179094641784462,0.0779012208990478,0.399453038535011,-0.0696216486088808,-0.135014885940513,0.237322436764162,0.201804461255144,0.0528359785751007,0.158243621920424,0.204600410826064,0.10913923513025,0.166539788490836,0.00715435289957998,0.343457180931522,-0.0398728245186684,-0.292677232793343,0.17229141633856,-0.133233552547608,0.374255147980112,0.0421089732236588,0.238703258355986,-0.163306814741205,0.342573354646853,0.11671514161789,0.0483455884571723,-0.382882655067337,0.386724347432801,0.150993545128109,-0.449703779196804,-0.196765473347434,0.0383638980807599,-0.00983414248609228
"green_hairstreak",-0.00780001748211082,0.377600566655451,0.319797530745361,0.272256333039882,0.274998403189412,0.334279013946759,0.422876487532429,0.243742596735377,0.0821538667746657,0.274590952452272,0.243735852775978,1,-0.11596151845036,0.334893117529112,0.402191033312668,-0.0037295131748835,0.300049329181848,0.329678421358146,-0.0350538995770002,-0.0319575673515012,0.352229499098644,0.228817126914321,0.319440274844091,0.359205366366642,0.373742658481484,0.143728748016964,0.320408793254314,0.184047493422309,0.329174303027017,0.409778571201657,0.394452986773352,0.386522854491207,0.408314700591925,-0.010415980510602,0.118775658376293,0.28006481436994,0.379825962640554,0.356307561996119,-0.140971778234973,0.249084183660249,0.284910900785644,0.465362182694636,0.374357809289815,0.172800239578444,0.301133571480621,0.380626155186921,0.399630174443664,0.409594641207712,0.0612892276754678,0.314247998050509,0.0457007238637052,0.0522768584045886,0.280274653418548,0.358969224038301,0.290166709326272
"chequered_skipper",-0.415231058713877,-0.383989349831312,-0.339214741846878,-0.349533802106256,0.144350440098576,0.0940769211180182,-0.0369724501242737,-0.512631256586475,-0.0351879723235325,0.151674888837601,0.243451882973847,-0.11596151845036,1,-0.564165425322611,-0.159265463177261,0.168218801366283,-0.179737872833567,-0.156727469191631,0.380033805391671,0.0722728434861615,-0.214211332771769,0.202385599080775,-0.536849617807194,-0.262337333397507,-0.387690755819737,0.237259188420395,-0.519386916358715,-0.42187344383137,-0.158398514004109,-0.291475988765894,-0.468717286869143,-0.317614354051518,-0.295895555891244,0.00774819301251735,-0.011446152424113,-0.371781011833186,-0.0959445529025429,-0.520508712455027,-0.26810299898383,-0.125492318314301,-0.550318589740695,-0.180550709353388,-0.451555264044643,0.0246107179079044,-0.606093337947915,-0.0961421650077303,-0.389765088511603,-0.473985384113792,-0.578461109236738,0.0253320928583547,-0.00766196612687885,-0.670789745846127,-0.63137131167742,-0.439721284053295,-0.393044352323565
"holly_blue",0.0174425843290104,0.695420156254829,0.554852163031204,0.556655840350143,0.00313651692669394,0.135292861218786,0.339589623263063,0.695039047607606,0.0275418696401844,0.0171738101199899,-0.0978830358565639,0.334893117529112,-0.564165425322611,1,0.465567811906051,-0.247353654226288,0.3873880486049,0.396226589886368,-0.50642276959648,-0.242203077174137,0.49232415057053,-0.0806333160233011,0.80638044352696,0.53059478152385,0.662857863099512,-0.174437030714347,0.793874355580276,0.547798240136032,0.392238743191209,0.593761117291616,0.789245632109425,0.584163547322203,0.616648893965306,-0.274040272401543,-0.0378420996481791,0.588694786517121,0.356822186076885,0.834487789037696,-0.0493826025253237,0.306370804549979,0.787672602205025,0.458205722508923,0.771163640877009,0.0540044343497567,0.865192087584456,0.365131477048661,0.719670664195709,0.824020016416298,0.540528472234769,0.177232398986433,-0.223345520740711,0.649526732256334,0.875403976848412,0.726740562815893,0.621562702676548
"small_heath",-0.00797188221962652,0.516869805457054,0.430191921836899,0.374050805044005,0.356246407935262,0.438195497993183,0.564050532569716,0.333587546567112,0.106123450568688,0.354436396190478,0.309531476490079,0.402191033312668,-0.159265463177261,0.465567811906051,1,-0.00972505226743039,0.401146665709463,0.442243138874356,-0.0498554350864958,-0.0471823940975531,0.482728571892132,0.289105033710617,0.44425277389999,0.48735085720027,0.514266791105849,0.178602496724689,0.449301797114021,0.26138146128937,0.440777648448826,0.55282288055587,0.544597764842908,0.5263316040308,0.554836025917497,-0.0160564435888566,0.154300174376314,0.389325008120627,0.507789899255253,0.499222098431334,-0.183467844750285,0.337665476678797,0.40716043965927,0.621386567935078,0.516947850027809,0.226312515451905,0.420298338136995,0.503370998852279,0.546836322118969,0.560834590132951,0.101315762282399,0.414683236851023,0.0594558877404371,0.0876158532459885,0.397613184552403,0.496569576833818,0.401650066260423
"large_heath",-0.159398215422445,-0.13895386515357,-0.121038143157187,-0.139937008722683,0.136780353255729,0.115803024211793,0.0637405874098256,-0.231677886777432,0.00298283849522776,0.133891913651654,0.17447375994472,-0.0037295131748835,0.168218801366283,-0.247353654226288,-0.00972505226743039,1,-0.0352258845658786,-0.0187699283351953,0.196437934384069,0.041329821913469,-0.0491087438982523,0.151676759942421,-0.234642775255463,-0.0701091820750658,-0.141353155591829,0.153807269960713,-0.222898212024728,-0.194846605442029,-0.0199146283882294,-0.0783370511534623,-0.176368030705834,-0.0941195384720324,-0.0845289487341194,0.0279081216488096,0.0318370964984362,-0.148158889739112,0.0215184222949469,-0.220533515484724,-0.151663895520433,-0.020355258008393,-0.241820443569485,-0.00429384108298997,-0.176253504957922,0.0544441522050718,-0.276457554539426,0.0199587125387428,-0.138526261668058,-0.182538929502527,-0.296729140684372,0.0718846205241753,0.0300028833680272,-0.350205994315931,-0.29291587612163,-0.166469973156022,-0.161255461409097
"clouded_yellow",-0.00293777584421817,0.407196069665029,0.34465999252971,0.297860823323521,0.236742462030323,0.298319991052376,0.403048946534546,0.28506590735852,0.0759067176618827,0.234178681371448,0.192286868847712,0.300049329181848,-0.179737872833567,0.3873880486049,0.401146665709462,-0.0352258845658786,1,0.330634201168485,-0.100385598876326,-0.0542672483184232,0.360241580559046,0.18322091998977,0.365654963272169,0.373791732357276,0.403620623903077,0.0989791698775651,0.365542152187369,0.225456444382471,0.329975496171437,0.423772461082035,0.43043372424033,0.405615618886741,0.423179267273746,-0.0451809220862094,0.101317358612582,0.312686428269473,0.37023838063198,0.39889889366508,-0.125470121618556,0.253468894435115,0.330304958835386,0.457027930918811,0.413135274747146,0.155717548795026,0.35483675365148,0.373116032338014,0.427351880340326,0.445038358211274,0.124138829789541,0.288653903252531,0.0235650302319571,0.114578028121881,0.339899188642762,0.392720559226328,0.319215576419496
"small_blue",-0.00558836618573496,0.432268233212861,0.363361727901856,0.311897026640943,0.283704124366578,0.341939308784011,0.450389816362628,0.288163185725316,0.086020559928671,0.272415280411987,0.23550907366314,0.329678421358146,-0.156727469191631,0.396226589886368,0.442243138874356,-0.0187699283351953,0.330634201168485,1,-0.0774457340614385,-0.046962303810377,0.393962844002099,0.222216176723152,0.373787560838187,0.400624874709705,0.426768418512378,0.131448916616691,0.380988960410878,0.224480976306387,0.355607277015688,0.457356619122904,0.459296455005689,0.437271347855898,0.457561441929776,-0.0228795101245357,0.115644184608132,0.32556801609076,0.409331805665026,0.415209919952083,-0.148931704863661,0.274618956564552,0.336991088649927,0.504311266829931,0.43354437379799,0.182076473352554,0.355345446500639,0.407281055574598,0.45747490698733,0.467936035271354,0.09762630730702,0.328126643598591,0.0399678948401209,0.088326334672667,0.337302102301282,0.413010369409709,0.335801050332208
"scotch_argus",-0.334109719318695,-0.297930371324348,-0.272519429187443,-0.287551444904794,0.258742559440721,0.217612020398991,0.0970325331655477,-0.467430179579501,-0.00435906032232161,0.256204746578796,0.352672371347394,-0.0350538995770002,0.380033805391671,-0.50642276959648,-0.0498554350864958,0.196437934384069,-0.100385598876326,-0.0774457340614385,1,0.0836564510932603,-0.128292279225708,0.302431135657946,-0.479710868628158,-0.1770108321871,-0.32253777218773,0.316879838826979,-0.452133600275437,-0.395743960997717,-0.0723160933860869,-0.20291522578963,-0.380372138732667,-0.230110278070475,-0.198209752952926,0.0312583931357264,0.0432584233960714,-0.308903646630615,0.0139653443189263,-0.451367076798368,-0.289050550514226,-0.0598908608273698,-0.492596508927426,-0.0516742039761885,-0.365046086464076,0.0831717884921745,-0.548527132590714,0.00983753990544423,-0.298161815616078,-0.389702288302912,-0.593653636431599,0.120095606271258,0.0303127554256276,-0.66671329809607,-0.581385195048391,-0.357796535816923,-0.334863440748016
"mountain_ringlet",-0.16254293348497,-0.149711547286295,-0.129432568657829,-0.139966880679191,0.0540494764104127,0.0382588133986906,0.000577579809370829,-0.222165375161348,-0.00274222335671387,0.0524139368687222,0.0724882473750534,-0.0319575673515012,0.0722728434861615,-0.242203077174137,-0.0471823940975531,0.0413298219134689,-0.0542672483184232,-0.046962303810377,0.0836564510932603,1,-0.0726761503106323,0.0612993132124521,-0.225735603550857,-0.089796971243681,-0.152749444315869,0.0680925935105265,-0.215595974305059,-0.186834087403906,-0.0458514799569286,-0.101651233501425,-0.182643283247008,-0.115835309565022,-0.104250056007656,0.02019772189039,0.0117137456472477,-0.15059793832457,-0.0167109123564332,-0.216823294815901,-0.126263212545082,-0.0381245365716275,-0.2377404932084,-0.0401485590671396,-0.183257378610519,0.0150161943621527,-0.26923745075146,-0.017627638968217,-0.151556532784789,-0.19036074834899,-0.265753938988265,0.0147970514352033,0.0146733675624559,-0.324352057519537,-0.279450176054433,-0.17417583614764,-0.161629093224514
"dingy_skipper",-0.00107126315929991,0.502708303332038,0.413427809093168,0.367113911549271,0.265618993983121,0.346553496207111,0.471451785276042,0.367909022871667,0.0879242933875509,0.266321394347788,0.215191230782277,0.352229499098644,-0.214211332771769,0.49232415057053,0.482728571892132,-0.0491087438982523,0.360241580559046,0.393962844002099,-0.128292279225708,-0.0726761503106323,1,0.204752510294898,0.463737704514519,0.44973084707314,0.493442089037404,0.107794680414646,0.461481971417421,0.289245133253862,0.390851831522004,0.510730585859364,0.538680813894456,0.49391974337158,0.512416412798838,-0.0610199778241083,0.111739707816898,0.384811921908794,0.435767940697524,0.505744512807247,-0.135643133094962,0.299759391576911,0.429123931005861,0.539341357265147,0.515830305028397,0.178116887732875,0.457184776246815,0.436654289343041,0.525298160880573,0.550121367068833,0.174043404620524,0.33444487762636,0.013881784415242,0.173007653575036,0.441543125381501,0.491358840246397,0.399896887117837
"marsh_fritillary",-0.0992053489376691,0.0895436207798539,0.07975993374218,0.0191893985255375,0.422559294041822,0.431345733273774,0.422045943159,-0.124927593475337,0.077707486434221,0.415347439922366,0.458838079036947,0.228817126914321,0.202385599080775,-0.0806333160233011,0.289105033710617,0.151676759942421,0.18322091998977,0.222216176723152,0.302431135657947,0.0612993132124521,0.204752510294898,1,-0.0691914780514411,0.170812699050897,0.0903469895817373,0.354909344338326,-0.0591195122427226,-0.115010445782702,0.222145276611652,0.192028044325464,0.0621268235090564,0.14998882500155,0.194386151590403,0.0971078300978556,0.157505063178817,0.0158142882015303,0.316240538494192,-0.0283342270680098,-0.26234728308019,0.162818252652867,-0.116887927170029,0.3508846506656,0.040322547889082,0.219837528391435,-0.142834655123858,0.321016626423484,0.118927424874464,0.0537364924439181,-0.331146661539044,0.355262083833207,0.13358072337731,-0.397373714689347,-0.170471910141464,0.0374774059798885,0.000103811827496178
"brimstone",0.0173480120026303,0.658831705351612,0.527264645691012,0.525755070390541,0.00683962494521066,0.135462190817918,0.326450856030466,0.65566840808473,0.0302007266566701,0.0162928792077069,-0.0872425313509522,0.319440274844091,-0.536849617807194,0.80638044352696,0.44425277389999,-0.234642775255463,0.365654963272169,0.373787560838187,-0.479710868628158,-0.225735603550857,0.463737704514519,-0.0691914780514411,1,0.503948027391238,0.628940481937443,-0.165304629175967,0.745598201871703,0.515453651702541,0.371451200122177,0.557350787572116,0.740828822076413,0.551975287770331,0.581191094694313,-0.265900517519174,-0.032228554341646,0.556666644750223,0.345008199105934,0.784929049476438,-0.0465735322365788,0.288264103491837,0.741022999856815,0.439450844782028,0.72476403802337,0.0525890030810253,0.80892047610289,0.345294085941477,0.676032255866983,0.776947389177345,0.510354896438994,0.171911497170995,-0.194211152890443,0.612770166997416,0.816211159424811,0.686353319422114,0.587083592172066
"duke_of_burgundy_fritillary",0.000553284692818142,0.523954854504938,0.440108905441087,0.396814213800434,0.249057591071136,0.325225572725554,0.462568749739716,0.407432503351046,0.0827087062378209,0.244940900143916,0.179094641784462,0.359205366366642,-0.262337333397507,0.53059478152385,0.48735085720027,-0.0701091820750658,0.373791732357276,0.400624874709705,-0.1770108321871,-0.089796971243681,0.44973084707314,0.170812699050897,0.503948027391238,1,0.519464492612804,0.074898143422119,0.500245474084542,0.316087290711989,0.400588763156057,0.525867504963504,0.570955772268547,0.515545531273606,0.527884795764544,-0.0832162721305562,0.0962834708087132,0.413239645332562,0.438744218876537,0.546032080754936,-0.131578273247763,0.308185707173077,0.467352600845468,0.53297079807795,0.547151105716262,0.173115374577759,0.500004513114801,0.438882643449346,0.553161019371701,0.587362711626938,0.212220123957417,0.321489047902533,-0.0053774724579442,0.219189957072485,0.484788817018809,0.517736399649783,0.433075906931034
"silver.spotted_skipper",0.00505869197135608,0.62084698374869,0.508154139929248,0.477596770747262,0.167995854505784,0.258731698449199,0.444181505121909,0.520148718761758,0.0733469357895872,0.166106567674382,0.0779012208990478,0.373742658481484,-0.387690755819737,0.662857863099512,0.514266791105849,-0.141353155591829,0.403620623903077,0.426768418512378,-0.32253777218773,-0.152749444315869,0.493442089037404,0.0903469895817374,0.628940481937443,0.519464492612804,1,-0.0177816418994015,0.622748012548597,0.412466520911133,0.426504766966665,0.593328583504085,0.680286040311338,0.571417436480767,0.596044465514044,-0.148873919651896,0.0548474693529417,0.498037218072514,0.436333870416875,0.666532324983422,-0.118170985633317,0.328277279347098,0.597345019416217,0.539368596008716,0.652640044676075,0.144393255778745,0.634438127890961,0.434289588720416,0.639706528641961,0.694566790164084,0.325195980029633,0.280934172831366,-0.071636394206238,0.353933966430114,0.627918021897249,0.620968035467514,0.519431572260858
"grayling",-0.122609723216648,-0.0197367728794632,-0.0169555926357376,-0.0605318264423654,0.354280909730307,0.346064729536954,0.306174929414878,-0.20108017096618,0.0515890338411586,0.349000573171879,0.39945303853501,0.143728748016964,0.237259188420395,-0.174437030714347,0.178602496724689,0.153807269960713,0.0989791698775651,0.131448916616691,0.316879838826979,0.0680925935105265,0.107794680414646,0.354909344338326,-0.165304629175967,0.074898143422119,-0.0177816418994015,1,-0.156077992020078,-0.176886118689643,0.133087400152428,0.0844495923464955,-0.0565533441733457,0.0388138825925019,0.0811938330596809,0.0841786020033732,0.118970197880341,-0.0712689307903216,0.214113192148592,-0.125532569728571,-0.24221142267813,0.0980433047548312,-0.199678734024319,0.224678088693296,-0.0662769563555108,0.167782826774575,-0.228258515093636,0.215883778583531,0.00604167817417823,-0.0601802369858641,-0.371684218067501,0.272782360957131,0.111049295260422,-0.428289388731162,-0.256129948914643,-0.0651602661562514,-0.0841670385051113
"peacock",0.0163170558040403,0.654385061563008,0.519435802159547,0.521806604214122,0.00889069548626358,0.14016837594744,0.330389434601309,0.644604562126124,0.03885485126405,0.0290121405132707,-0.0696216486088808,0.320408793254314,-0.519386916358715,0.793874355580276,0.449301797114021,-0.222898212024728,0.365542152187369,0.380988960410878,-0.452133600275437,-0.215595974305059,0.461481971417421,-0.0591195122427226,0.745598201871703,0.500245474084542,0.622748012548597,-0.156077992020078,1,0.505418330499005,0.373556023113645,0.552163848063343,0.734930276924775,0.559093162978631,0.578003302838176,-0.254794402731476,-0.0309842448311603,0.547586405134496,0.353723399433888,0.770338710757442,-0.0520404588509777,0.286569744755219,0.728910924665392,0.447644954408282,0.71949827677935,0.0587120665720618,0.794324044109709,0.353285971913459,0.666729581826869,0.766961839295587,0.490830843047008,0.176121513818669,-0.203635909696781,0.580087032761732,0.800055215098124,0.678329338097203,0.57775811469162
"wall.brown",0.0144908300776532,0.432618420081458,0.347559180480794,0.355446447552459,-0.0672233388137691,0.0220903841105894,0.158542983693663,0.457801969878921,0.00472343857715294,-0.0563775027111205,-0.135014885940513,0.184047493422309,-0.42187344383137,0.547798240136032,0.26138146128937,-0.194846605442029,0.225456444382471,0.224480976306387,-0.395743960997717,-0.186834087403906,0.289245133253862,-0.115010445782702,0.515453651702541,0.316087290711989,0.412466520911133,-0.176886118689643,0.505418330499005,1,0.225202860669872,0.352806744178337,0.493962738102021,0.353609317961009,0.367472082285378,-0.220740947648584,-0.0562411842329663,0.377173379528554,0.184538357028945,0.529904773107811,-0.0172719459942783,0.173529763349621,0.508704566691573,0.240187674521605,0.483328248167892,-0.00305547865734836,0.559876470364483,0.189119140010959,0.441180718503675,0.511944974447395,0.381633737216248,0.0680675203549244,-0.193719233761,0.453034581562259,0.564950962240195,0.456756547846231,0.394627823397223
"small_copper",-0.00610736463914378,0.430055014920937,0.363745357995601,0.309030079581055,0.27943500063424,0.342845148129954,0.446185149613344,0.284776641527356,0.0880787354405618,0.275560758817204,0.237322436764162,0.329174303027017,-0.158398514004109,0.392238743191209,0.440777648448826,-0.0199146283882294,0.329975496171437,0.355607277015688,-0.0723160933860869,-0.0458514799569286,0.390851831522004,0.222145276611652,0.371451200122177,0.400588763156057,0.426504766966665,0.133087400152428,0.373556023113645,0.225202860669872,1,0.451745269061033,0.45277503892723,0.435760581448236,0.453142145973421,-0.0250954157369796,0.124504940634494,0.326052457120779,0.41266078683599,0.413078960973529,-0.146889403035727,0.273965365803007,0.33454436019636,0.504492305653839,0.428792559002204,0.181245419841976,0.350276241619824,0.408737264193108,0.452931964620578,0.466774430618292,0.101291609423572,0.331147453681475,0.0420018826067991,0.0896000092964683,0.332376052947791,0.404752277757675,0.331954223162851
"adonis_blue",1.03918411843418e-05,0.593930643582405,0.500315730422504,0.443969501045827,0.278992182981919,0.36693335173566,0.52544960186696,0.451633369992329,0.0953673301506279,0.277814783684497,0.201804461255144,0.409778571201657,-0.291475988765894,0.593761117291616,0.55282288055587,-0.0783370511534623,0.423772461082035,0.457356619122904,-0.20291522578963,-0.101651233501425,0.510730585859364,0.192028044325464,0.557350787572116,0.525867504963504,0.593328583504085,0.0844495923464955,0.552163848063343,0.352806744178337,0.451745269061033,1,0.641340812007206,0.571459978105648,0.605128764454265,-0.0946435317082282,0.110115154419252,0.465850128253459,0.494103406013958,0.606629549630874,-0.1477774592209,0.347689926112381,0.512485387160365,0.604873432847757,0.608731480704318,0.194883655351077,0.549181641364291,0.495362811576893,0.62745225185982,0.657903728739427,0.22675390867981,0.370861338649932,-0.00232830586891868,0.23461728780135,0.539138715040625,0.578735278375096,0.478850532682683
"chalk.hill_blue",0.00993028465278755,0.700564829780597,0.566360490322465,0.543162527432249,0.140292895570217,0.265677781430791,0.457388258622145,0.625258327235418,0.0704104358729819,0.153554026573926,0.0528359785751007,0.394452986773352,-0.468717286869143,0.789245632109425,0.544597764842908,-0.176368030705834,0.43043372424033,0.459296455005689,-0.380372138732667,-0.182643283247008,0.538680813894456,0.0621268235090564,0.740828822076413,0.570955772268547,0.680286040311337,-0.0565533441733457,0.734930276924775,0.493962738102021,0.45277503892723,0.641340812007206,1,0.627389100868511,0.658497209634589,-0.197074729566935,0.0417102527635686,0.571757734967206,0.46022338656074,0.786947324570434,-0.0947667147753163,0.347284310465965,0.708700126435655,0.558714033662053,0.7553110307735,0.132853622578644,0.773875409722995,0.457002718666058,0.728760049954496,0.809828706777512,0.434522330036025,0.287726140965067,-0.109956323054342,0.49314655443059,0.766546701884668,0.712365998243095,0.600343170522274
"meadow_brown",0.00215731416220042,0.582198334867501,0.488250822070974,0.436620777804939,0.22800184878035,0.331754413148791,0.48060472867048,0.45310826693467,0.0870093544923595,0.235032080875385,0.158243621920424,0.386522854491207,-0.317614354051518,0.584163547322203,0.5263316040308,-0.0941195384720324,0.405615618886741,0.437271347855898,-0.230110278070475,-0.115835309565022,0.49391974337158,0.14998882500155,0.551975287770331,0.515545531273606,0.571417436480767,0.0388138825925019,0.559093162978632,0.353609317961009,0.435760581448236,0.571459978105648,0.627389100868511,1,0.58782414150881,-0.108349960693837,0.0843648460173273,0.460289934717771,0.464853652618159,0.601652936823423,-0.131103717125217,0.331681397770568,0.523620644827042,0.569279715460633,0.600895401103158,0.172798225893919,0.554372482666126,0.464924495591353,0.607399731438262,0.647901297510791,0.240658576221885,0.334967135927439,-0.0300577722412287,0.252075066819494,0.542129477123096,0.575092481616756,0.473873296356372
"marble_white",0.000299590709129567,0.605240929103727,0.500774701248075,0.451691480549209,0.271333447876185,0.374112211664111,0.529781032180602,0.465472784742852,0.0925611421101926,0.2748080613857,0.204600410826064,0.408314700591925,-0.295895555891244,0.616648893965306,0.554836025917497,-0.0845289487341194,0.423179267273746,0.457561441929776,-0.198209752952926,-0.104250056007656,0.512416412798838,0.194386151590403,0.581191094694313,0.527884795764544,0.596044465514044,0.0811938330596809,0.578003302838176,0.367472082285378,0.453142145973421,0.605128764454265,0.658497209634589,0.58782414150881,1,-0.0961870698677148,0.10498151197483,0.478451602537863,0.495574943694386,0.627008264577767,-0.140754779288824,0.349570078290564,0.54014612763744,0.610553535536319,0.624535993204929,0.189860791798846,0.578401818287755,0.495035903835201,0.63617440948568,0.670724153901776,0.250994865743364,0.364867187705545,-0.00766007894173905,0.274605967272117,0.56638846408624,0.597393941382864,0.494755190808597
"glanville_fritillary",-0.159937116571846,-0.151905990685761,-0.131522785277293,-0.15539231438537,0.0862133984340582,0.0829766334108673,0.0453528275049673,-0.270311757787247,0.0115730907365176,0.0920931521830658,0.10913923513025,-0.010415980510602,0.00774819301251735,-0.274040272401543,-0.0160564435888566,0.0279081216488096,-0.0451809220862094,-0.0228795101245357,0.0312583931357264,0.02019772189039,-0.0610199778241083,0.0971078300978556,-0.265900517519174,-0.0832162721305562,-0.148873919651896,0.0841786020033732,-0.254794402731476,-0.220740947648584,-0.0250954157369796,-0.0946435317082282,-0.197074729566935,-0.108349960693837,-0.0961870698677148,1,0.0356937161428126,-0.165628020529825,0.0202538923203767,-0.250580164916109,-0.203689956775014,-0.0215830948050173,-0.287758780185993,-0.000372674113694271,-0.1939795316826,0.0390738381093298,-0.31377112287108,0.0183952876113483,-0.156312592585647,-0.193574633543152,-0.365000545988811,0.0564625656221657,0.0416867313032723,-0.437120217715387,-0.338918591211066,-0.183171284125029,-0.176883024571082
"heath_fritillary",-0.0377813290048508,0.0567945643496394,0.0477123868359899,0.0124873420715663,0.176157479810348,0.182781621698503,0.204167562801793,-0.0676040818335015,0.0477074388247773,0.165249637581862,0.166539788490836,0.118775658376293,-0.011446152424113,-0.0378420996481791,0.154300174376314,0.0318370964984362,0.101317358612582,0.115644184608132,0.0432584233960715,0.0117137456472477,0.111739707816898,0.157505063178817,-0.032228554341646,0.0962834708087132,0.0548474693529417,0.118970197880341,-0.0309842448311603,-0.0562411842329663,0.124504940634494,0.110115154419252,0.0417102527635686,0.0843648460173273,0.10498151197483,0.0356937161428125,1,0.0156872636182943,0.16784344294229,-0.00789654431067496,-0.164578297801213,0.0935789270375215,-0.0624717831217078,0.189709412395883,0.0247726338413307,0.1050009877566,-0.0670561878089804,0.162921878917253,0.067995966386337,0.036276428298718,-0.186197096036972,0.164667966961103,0.065586531693158,-0.247453970316371,-0.0929290796779313,0.0304919853082882,0.00871169231311044
"purple_hairstreak",0.00945528868112259,0.512021855945523,0.419200545723085,0.403620208087181,0.0844286782544392,0.173736419638676,0.314077502850743,0.480092455256592,0.0417694824330282,0.085139799172071,0.00715435289957998,0.28006481436994,-0.371781011833186,0.588694786517121,0.389325008120627,-0.148158889739112,0.312686428269473,0.32556801609076,-0.308903646630615,-0.15059793832457,0.384811921908794,0.0158142882015303,0.556666644750223,0.413239645332562,0.498037218072514,-0.0712689307903216,0.547586405134496,0.377173379528554,0.326052457120779,0.465850128253459,0.571757734967206,0.460289934717771,0.478451602537863,-0.165628020529825,0.0156872636182943,1,0.318112521247518,0.583446244451397,-0.0604919235094589,0.249610791915754,0.53648769519811,0.40475850424032,0.554002070536821,0.0783759362901523,0.579070847094302,0.319259659471264,0.530691313788804,0.591996061012887,0.342528800930737,0.194548483283269,-0.102122430837625,0.392988358324504,0.577948634241941,0.528916483475626,0.446978424927749
"camberwell_beauty",-0.0186999330435787,0.441334468662263,0.369760076076686,0.308198359649144,0.37407278071518,0.437954240971959,0.543583927034422,0.242758576581516,0.105765561695036,0.369137033409913,0.343457180931522,0.379825962640554,-0.0959445529025429,0.356822186076885,0.507789899255253,0.0215184222949469,0.37023838063198,0.409331805665026,0.0139653443189263,-0.0167109123564332,0.435767940697524,0.316240538494192,0.345008199105934,0.438744218876537,0.436333870416875,0.214113192148592,0.353723399433888,0.184538357028945,0.41266078683599,0.494103406013959,0.46022338656074,0.464853652618159,0.495574943694386,0.0202538923203767,0.16784344294229,0.318112521247518,1,0.392428690112232,-0.204879504771831,0.313168666778205,0.308831501578173,0.581056104956378,0.431424982479008,0.234163064585369,0.312871660281627,0.470886960303927,0.468546070398453,0.472365464365249,0.00150018757509879,0.406292049709215,0.081069044543704,-0.028907409082623,0.281009201255609,0.411400641019738,0.326093234787491
"large_skipper",0.0140436513061882,0.696397937423965,0.55381541116084,0.551398409694197,0.0570696063560804,0.183179582946043,0.384916099612207,0.66971193915242,0.0467025823197698,0.0698796841068675,-0.0398728245186684,0.356307561996119,-0.520508712455027,0.834487789037696,0.499222098431334,-0.220533515484724,0.39889889366508,0.415209919952083,-0.451367076798368,-0.216823294815901,0.505744512807247,-0.0283342270680098,0.784929049476438,0.546032080754937,0.666532324983422,-0.125532569728571,0.770338710757442,0.529904773107811,0.413078960973529,0.606629549630874,0.786947324570434,0.601652936823423,0.627008264577767,-0.250580164916109,-0.00789654431067496,0.583446244451397,0.392428690112232,1,-0.0676710993751334,0.320213297620693,0.765906630789642,0.496219295965929,0.762459570785578,0.0776304048406742,0.83384235258626,0.40683420097324,0.714247830103483,0.817442289610232,0.498026345276495,0.214011022665064,-0.184391891689253,0.586626418346341,0.837281207228704,0.720311544066222,0.612951760570463
