1.5467,-0.13611,-1.0813,-9.2178,-0.13611,0.073766,0.070392,0.53731,-1.0813,0.070392,2.3935,15.362,-9.2178,0.53731,15.362,111.96
1.2224,-0.080641,-1.3422,-6.1712,-0.080641,0.22056,-0.31613,-1.005,-1.3422,-0.31613,5.0314,18.413,-6.1712,-1.005,18.413,70.479
0.81162,-0.035229,-0.5242,-6.0636,-0.035229,0.22995,-0.25684,-1.7789,-0.5242,-0.25684,1.3824,12.474,-6.0636,-1.7789,12.474,122.41
1.7085,0.07759,-1.7486,-10.649,0.07759,0.24992,-0.29493,-2.2953,-1.7486,-0.29493,2.5334,15.696,-10.649,-2.2953,15.696,101.27
0.15872,0.029492,-0.16688,-1.2124,0.029492,0.23828,0.087167,0.068648,-0.16688,0.087167,3.0375,12.416,-1.2124,0.068648,12.416,56.307
1.1613,-0.12483,-0.84203,-4.743,-0.12483,0.19705,-0.65049,-2.1159,-0.84203,-0.65049,7.4892,27.148,-4.743,-2.1159,27.148,103.62
3.6212,0.13278,-1.1639,-21.409,0.13278,0.15768,-0.27177,-2.4446,-1.1639,-0.27177,1.4034,15.772,-21.409,-2.4446,15.772,217.91
7.4675,-0.8811,-4.4904,-39.029,-0.8811,0.18818,0.52699,4.455,-4.4904,0.52699,4.6392,33.516,-39.029,4.455,33.516,263.19
3.3049,0.27297,-1.6251,-14.761,0.27297,0.27798,-1.1787,-4.918,-1.6251,-1.1787,13.199,48.328,-14.761,-4.918,48.328,208.39
3.3134,-1.0436,1.5984,-5.4133,-1.0436,0.54464,-0.82282,0.45336,1.5984,-0.82282,5.2526,16.616,-5.4133,0.45336,16.616,95.533
3.0957,-0.63952,-2.1129,-14.555,-0.63952,0.32302,0.57785,3.2572,-2.1129,0.57785,2.7187,14.054,-14.555,3.2572,14.054,84.296
0.78166,-0.074218,-0.77013,-5.9691,-0.074218,0.095585,0.19236,1.4938,-0.77013,0.19236,2.3548,14.033,-5.9691,1.4938,14.033,99.221
1.2263,0.15394,-0.60117,-5.8697,0.15394,0.14266,-0.16228,-1.2721,-0.60117,-0.16228,1.3644,8.9647,-5.8697,-1.2721,8.9647,66.139
2.1707,-0.3828,-4.3992,-14.942,-0.3828,0.19635,1.1335,3.3905,-4.3992,1.1335,12.512,38.049,-14.942,3.3905,38.049,121.77
1.5395,0.0099747,0.83993,-0.18464,0.0099747,0.09266,0.099139,0.2626,0.83993,0.099139,7.7713,21.9,-0.18464,0.2626,21.9,68.15
2.5312,-0.35003,-3.1346,-11.867,-0.35003,0.25114,-0.052457,0.60928,-3.1346,-0.052457,8.5493,24.95,-11.867,0.60928,24.95,78.829
2.6857,-0.31978,-6.2031,-14.174,-0.31978,0.14902,0.83718,1.8411,-6.2031,0.83718,16.645,37.132,-14.174,1.8411,37.132,83.611
0.88968,-0.20973,-2.2112,-6.0039,-0.20973,0.25893,1.4376,3.8063,-2.2112,1.4376,16.66,41.91,-6.0039,3.8063,41.91,107.25
0.97513,0.066207,-1.7194,-8.156,0.066207,0.18752,-0.27726,-1.4538,-1.7194,-0.27726,6.067,25.572,-8.156,-1.4538,25.572,112.67
0.84341,-0.20254,-2.3316,-5.9668,-0.20254,0.27019,0.96899,2.3057,-2.3316,0.96899,10.552,26.911,-5.9668,2.3057,26.911,69.973
0.97783,0.13533,3.081,2.5265,0.13533,0.084011,0.54943,0.50034,3.081,0.54943,26.708,38.974,2.5265,0.50034,38.974,64.488
0.44184,0.061216,-1.8907,-5.2953,0.061216,0.4297,-0.19635,-1.2847,-1.8907,-0.19635,21.848,57.79,-5.2953,-1.2847,57.79,155.34
4.2255,-0.62051,-4.2342,-14.781,-0.62051,0.17232,0.17431,1.2601,-4.2342,0.17431,24.05,55.795,-14.781,1.2601,55.795,138.62
0.82476,-0.040617,-2.2855,-4.9263,-0.040617,0.12138,0.71593,1.3285,-2.2855,0.71593,19.312,35.394,-4.9263,1.3285,35.394,66.672
1.6783,-0.1524,-6.3347,-9.6334,-0.1524,0.38656,-0.30513,-0.43384,-6.3347,-0.30513,38.916,58.601,-9.6334,-0.43384,58.601,88.996
2.2239,-0.30138,-2.1005,-6.2584,-0.30138,0.27352,-0.42779,-0.24818,-2.1005,-0.42779,18.316,36.006,-6.2584,-0.24818,36.006,74.986
0.23094,-0.010708,-0.31186,-0.32995,-0.010708,0.24071,-0.41272,-1.233,-0.31186,-0.41272,12.761,22.795,-0.32995,-1.233,22.795,43.133
0.2942,0.018268,0.69709,1.1401,0.018268,0.12063,-0.13344,-0.35956,0.69709,-0.13344,23.488,41.262,1.1401,-0.35956,41.262,76.059
4.2129,0.20469,-3.9571,-27.336,0.20469,0.19403,-0.66465,-2.8289,-3.9571,-0.66465,13.783,43.464,-27.336,-2.8289,43.464,214.42
0.99037,-0.22177,-4.2427,-7.2506,-0.22177,0.24024,0.71802,1.1605,-4.2427,0.71802,31.191,52.479,-7.2506,1.1605,52.479,89.146
1.2183,-0.065542,2.1865,3.7812,-0.065542,0.21083,0.71606,0.99572,2.1865,0.71606,81.939,119.93,3.7812,0.99572,119.93,176.12
1.5635,0.059605,-4.4422,-10.844,0.059605,0.22482,-2.0393,-4.3812,-4.4422,-2.0393,43.963,96.426,-10.844,-4.3812,96.426,213.36
0.51216,0.026601,-1.301,-3.8482,0.026601,0.20991,-0.73408,-1.9341,-1.301,-0.73408,18.764,48.279,-3.8482,-1.9341,48.279,125.78
0.89287,0.29324,-6.479,-14.056,0.29324,0.28768,-3.4699,-7.4731,-6.479,-3.4699,66.914,143.35,-14.056,-7.4731,143.35,307.87
1.9805,-0.23253,-10.965,-19.187,-0.23253,0.1688,0.95518,1.6884,-10.965,0.95518,70.605,122.9,-19.187,1.6884,122.9,214.56
1.2658,-0.33432,-4.1399,-6.4548,-0.33432,0.3442,0.15393,0.25285,-4.1399,0.15393,60.218,90.927,-6.4548,0.25285,90.927,137.7
1.6597,-0.023379,-5.9796,-9.4404,-0.023379,0.088351,0.037508,0.16119,-5.9796,0.037508,53.359,82.971,-9.4404,0.16119,82.971,130.26
0.24946,0.072746,-1.724,-2.4965,0.072746,0.46473,-3.0945,-4.9872,-1.724,-3.0945,36.589,55.595,-2.4965,-4.9872,55.595,85.367
0.57253,0.030046,-0.14865,-1.1001,0.030046,0.088336,-0.3588,-0.50969,-0.14865,-0.3588,18.06,24.204,-1.1001,-0.50969,24.204,35.11
0.5983,0.053985,-2.8134,-5.085,0.053985,0.087354,-0.31925,-0.5684,-2.8134,-0.31925,27.669,47.66,-5.085,-0.5684,47.66,82.731
0.89257,0.040051,-4.4559,-7.7937,0.040051,0.096537,0.2132,0.18561,-4.4559,0.2132,43.166,69.963,-7.7937,0.18561,69.963,114.49
0.42159,0.066065,-1.0106,-3.3721,0.066065,0.21432,-2.3314,-4.2473,-1.0106,-2.3314,35.012,64.557,-3.3721,-4.2473,64.557,126.68
0.59211,-0.12895,1.1621,2.2343,-0.12895,0.25538,-1.694,-3.8223,1.1621,-1.694,18.933,43.316,2.2343,-3.8223,43.316,100.19
3.8199,-0.38121,-9.4773,-22.889,-0.38121,0.11574,0.92768,2.2651,-9.4773,0.92768,27.579,63.133,-22.889,2.2651,63.133,148.36
1.0932,-0.087309,-3.3691,-9.2746,-0.087309,0.10396,0.5529,1.2625,-3.3691,0.5529,20.63,48.178,-9.2746,1.2625,48.178,118.12
1.2192,0.06417,-3.7932,-8.427,0.06417,0.15261,-1.1089,-2.079,-3.7932,-1.1089,30.969,58.467,-8.427,-2.079,58.467,113.55
0.75084,0.030861,-1.1752,-1.6141,0.030861,0.086324,0.20825,0.69779,-1.1752,0.20825,13.401,30.5,-1.6141,0.69779,30.5,72.556
0.90283,-0.20442,-5.8156,-12.199,-0.20442,0.1825,1.9304,4.1628,-5.8156,1.9304,44.113,93.59,-12.199,4.1628,93.59,199.46
2.5977,-0.037151,-4.6792,-9.5295,-0.037151,0.068061,0.20315,0.37718,-4.6792,0.20315,26.792,47.544,-9.5295,0.37718,47.544,85.914
2.9734,-0.40348,-6.7177,-17.043,-0.40348,0.21403,1.6372,3.6549,-6.7177,1.6372,33.507,64.447,-17.043,3.6549,64.447,137.54
1.546,-0.35031,-5.5257,-10.139,-0.35031,0.96983,0.77364,3.0964,-5.5257,0.77364,23.873,41.36,-10.139,3.0964,41.36,77.06
0.75597,0.0091624,-1.1834,-2.2212,0.0091624,0.22325,0.029045,-0.022509,-1.1834,0.029045,17.997,31.527,-2.2212,-0.022509,31.527,55.648
1.5932,-0.37686,-5.7529,-12.136,-0.37686,0.17702,1.4901,3.125,-5.7529,1.4901,24.374,50.661,-12.136,3.125,50.661,105.92
3.5181,-0.15553,-5.7299,-13.518,-0.15553,0.10868,-0.45829,-0.39249,-5.7299,-0.45829,43.657,73.339,-13.518,-0.39249,73.339,129.11
0.43118,0.010685,-2.9817,-5.9982,0.010685,0.15838,-1.0933,-2.4629,-2.9817,-1.0933,50.424,106.43,-5.9982,-2.4629,106.43,225.86
0.66489,-0.26835,-1.7614,-2.3075,-0.26835,0.41885,-0.415,-0.83213,-1.7614,-0.415,41.443,59.555,-2.3075,-0.83213,59.555,86.217
0.45529,-0.19462,-3.8411,-5.255,-0.19462,0.3386,1.5238,2.3882,-3.8411,1.5238,43.751,58.648,-5.255,2.3882,58.648,79.984
0.96688,-0.25012,1.5586,0.53446,-0.25012,0.17785,-1.3034,-1.2076,1.5586,-1.3034,61.92,73.912,0.53446,-1.2076,73.912,90.478
0.7404,-0.038286,-2.5973,-4.6299,-0.038286,0.098083,-0.4589,-0.68196,-2.5973,-0.4589,41.041,65.274,-4.6299,-0.68196,65.274,104.63
0.94691,-0.051149,-3.5709,-6.5745,-0.051149,0.23144,0.34875,0.44165,-3.5709,0.34875,27.417,47.366,-6.5745,0.44165,47.366,82.634
1.3027,-0.25207,-6.3817,-8.8688,-0.25207,0.13213,1.5286,2.0583,-6.3817,1.5286,58.376,68.224,-8.8688,2.0583,68.224,84.293
0.66798,-0.16831,-2.0467,-2.8924,-0.16831,0.18474,0.31362,0.383,-2.0467,0.31362,78.664,104.79,-2.8924,0.383,104.79,140.1
3.5185,-0.58384,-5.9091,-14.171,-0.58384,0.3241,3.9281,8.2452,-5.9091,3.9281,74.367,153.67,-14.171,8.2452,153.67,319.45
1.7069,-0.23921,-2.0508,-6.2714,-0.23921,0.33682,-0.71663,-1.5679,-2.0508,-0.71663,18.188,49.375,-6.2714,-1.5679,49.375,135.29
2.6175,-0.54614,-6.3612,-13.24,-0.54614,0.3313,1.4506,3.2303,-6.3612,1.4506,19.416,38.707,-13.24,3.2303,38.707,80.077
2.4627,-0.19907,-3.6546,-10.491,-0.19907,0.1282,0.34195,0.83788,-3.6546,0.34195,20.769,37.779,-10.491,0.83788,37.779,78.628
3.6487,-0.30538,-5.4948,-16.812,-0.30538,0.39251,0.64321,1.6742,-5.4948,0.64321,12.305,34.415,-16.812,1.6742,34.415,99.853
0.68422,0.12017,-2.5077,-6.1834,0.12017,0.14137,-0.28281,-0.66087,-2.5077,-0.28281,12.299,30.614,-6.1834,-0.66087,30.614,76.673
3.202,-0.68829,-6.2166,-26.54,-0.68829,0.43652,1.4501,6.1628,-6.2166,1.4501,16.406,60.01,-26.54,6.1628,60.01,239.27
1.3791,-0.22921,-0.77336,-2.4449,-0.22921,0.15138,0.6113,1.837,-0.77336,0.6113,10.077,28.824,-2.4449,1.837,28.824,83.867
2.8487,-0.16654,-1.8812,-16.125,-0.16654,0.10922,0.25886,1.1669,-1.8812,0.25886,5.1935,19.162,-16.125,1.1669,19.162,115.13
4.082,-0.013108,-6.1373,-39.742,-0.013108,0.1796,0.33262,1.1955,-6.1373,0.33262,11.347,68.01,-39.742,1.1955,68.01,423.28
0.48566,-0.26351,-2.8871,-12.832,-0.26351,0.26033,2.248,9.5136,-2.8871,2.248,27.2,116.1,-12.832,9.5136,116.1,501.9
0.84751,-0.11986,-2.0609,-9.5797,-0.11986,0.18028,0.065821,0.43574,-2.0609,0.065821,8.9609,40.866,-9.5797,0.43574,40.866,190.3
3.0589,-0.18908,-3.9036,-19.975,-0.18908,0.14244,0.20569,1.1197,-3.9036,0.20569,9.5114,38.081,-19.975,1.1197,38.081,166.85
1.5959,-0.27297,-3.8766,-11.693,-0.27297,0.18873,0.62875,1.8191,-3.8766,0.62875,13.45,38.22,-11.693,1.8191,38.22,110.09
1.0543,0.08086,-2.9882,-9.5156,0.08086,0.12738,-0.27525,-1.0154,-2.9882,-0.27525,10.107,30.998,-9.5156,-1.0154,30.998,96.946
0.97085,-0.13418,-1.2262,-7.0812,-0.13418,0.15863,0.40927,1.9158,-1.2262,0.40927,7.0261,26.684,-7.0812,1.9158,26.684,112.67
0.6376,-0.093963,-0.15791,-1.2166,-0.093963,0.16232,-0.098011,-0.39185,-0.15791,-0.098011,3.7718,16.062,-1.2166,-0.39185,16.062,75.01
3.0747,-0.76798,-4.1752,-17.36,-0.76798,0.3861,0.87116,3.6428,-4.1752,0.87116,14.671,47.165,-17.36,3.6428,47.165,161.49
1.2546,-0.0054442,-1.4271,-6.0026,-0.0054442,0.16105,-0.18177,-0.29041,-1.4271,-0.18177,3.6469,11.942,-6.0026,-0.29041,11.942,43.477
0.73513,-0.10253,-1.5712,-6.6776,-0.10253,0.25639,0.30933,0.70028,-1.5712,0.30933,5.5875,22.061,-6.6776,0.70028,22.061,94.27
4.8721,0.24036,-10.411,-40.302,0.24036,0.075798,-0.78217,-2.7183,-10.411,-0.78217,35.227,113.22,-40.302,-2.7183,113.22,392.56
0.14974,0.050633,-0.07116,-0.47412,0.050633,0.20271,-0.31589,-1.3332,-0.07116,-0.31589,23.296,56.481,-0.47412,-1.3332,56.481,139.86
3.3962,-0.91904,-8.0439,-21.773,-0.91904,0.5772,1.4158,3.6692,-8.0439,1.4158,35.595,89.229,-21.773,3.6692,89.229,227.7
1.3006,0.090902,-3.6406,-12.39,0.090902,0.10906,-0.16633,-0.86885,-3.6406,-0.16633,14.914,46.24,-12.39,-0.86885,46.24,149.8
0.99702,-0.36,-1.8751,-5.4769,-0.36,0.28938,0.92964,2.5505,-1.8751,0.92964,5.2978,14.134,-5.4769,2.5505,14.134,38.989
0.51931,-0.071375,-1.373,-3.9377,-0.071375,0.1701,-0.078905,-0.46642,-1.373,-0.078905,7.9206,20.311,-3.9377,-0.46642,20.311,56.042
0.53272,0.15594,1.1294,3.8886,0.15594,0.15495,0.26902,0.99325,1.1294,0.26902,4.5901,15.972,3.8886,0.99325,15.972,56.626
0.87924,0.18218,-1.5397,-6.3546,0.18218,0.25276,-0.425,-1.9192,-1.5397,-0.425,3.5753,14.595,-6.3546,-1.9192,14.595,61.893
5.8372,0.38066,-6.3591,-39.11,0.38066,0.19382,-0.6112,-2.721,-6.3591,-0.6112,7.9529,44.681,-39.11,-2.721,44.681,271.65
4.2088,-0.68391,-3.2243,-20.405,-0.68391,0.28703,0.75336,3.3574,-3.2243,0.75336,8.8739,30.514,-20.405,3.3574,30.514,138.16
1.1486,-0.036941,-1.4831,-8.2818,-0.036941,0.30646,-0.040894,-0.4576,-1.4831,-0.040894,2.3555,12.495,-8.2818,-0.4576,12.495,70.087
0.64235,-0.095117,-0.2996,-3.0187,-0.095117,0.22041,0.15092,0.86339,-0.2996,0.15092,1.243,7.4963,-3.0187,0.86339,7.4963,65
5.5772,-0.60582,0.78097,-17.971,-0.60582,0.17143,-0.10496,1.7444,0.78097,-0.10496,0.85269,0.78321,-17.971,1.7444,0.78321,157.94
5.9245,-1.029,-1.7884,-29.458,-1.029,0.36418,0.49356,5.2219,-1.7884,0.49356,1.1284,8.9406,-29.458,5.2219,8.9406,151.27
2.4497,-0.26272,-0.099424,-9.1634,-0.26272,0.18791,0.22282,0.4919,-0.099424,0.22282,1.1231,-0.22,-9.1634,0.4919,-0.22,50.123
1.381,-0.13637,-0.0052578,-7.8669,-0.13637,0.13695,0.042406,1.0948,-0.0052578,0.042406,0.50224,2.552,-7.8669,1.0948,2.552,66.33
0.35602,0.013705,-0.72465,-3.9726,0.013705,0.098892,-0.037657,-0.078691,-0.72465,-0.037657,1.9761,9.6716,-3.9726,-0.078691,9.6716,54.267
2.3177,-0.068259,-3.3168,-15.646,-0.068259,0.21733,0.20141,1.1048,-3.3168,0.20141,5.2787,24.669,-15.646,1.1048,24.669,117.04
5.7511,-0.74698,-2.502,-28.592,-0.74698,0.23482,0.2734,3.5377,-2.502,0.2734,1.4232,13.827,-28.592,3.5377,13.827,152
8.3782,-1.4921,-4.6462,-35.879,-1.4921,0.37855,0.88032,6.5353,-4.6462,0.88032,4.0362,21.661,-35.879,6.5353,21.661,159.22
3.1268,-0.77806,-2.3234,-5.8861,-0.77806,0.27286,0.6227,1.661,-2.3234,0.6227,2.3171,5.6466,-5.8861,1.661,5.6466,15.388
1.4461,-0.27927,-2.13,-10.562,-0.27927,0.28943,0.54346,4.3809,-2.13,0.54346,3.6715,19.098,-10.562,4.3809,19.098,121.65
2.3848,-0.48626,-3.4402,-15.058,-0.48626,0.62594,0.13605,0.269,-3.4402,0.13605,6.11,26.287,-15.058,0.269,26.287,116.49
2.381,-0.22009,-1.3799,-9.9346,-0.22009,0.17804,-0.028647,0.63794,-1.3799,-0.028647,5.8006,16.225,-9.9346,0.63794,16.225,64.55
0.23748,0.052425,-0.57299,-2.4177,0.052425,0.26638,-0.76002,-1.7832,-0.57299,-0.76002,13.459,43.549,-2.4177,-1.7832,43.549,148.07
0.21945,0.18562,-1.1481,-4.0873,0.18562,0.35498,-1.8527,-6.2958,-1.1481,-1.8527,16.147,50.682,-4.0873,-6.2958,50.682,163.95
2.4049,0.014662,-0.6827,-12.297,0.014662,0.11474,0.34956,0.61508,-0.6827,0.34956,2.8721,9.9007,-12.297,0.61508,9.9007,84.89
2.0392,-0.50944,-5.8302,-19.549,-0.50944,0.24207,1.5815,5.1961,-5.8302,1.5815,20.48,65.819,-19.549,5.1961,65.819,214.5
6.8797,-0.42837,-11.874,-43.606,-0.42837,0.31037,0.74584,2.8546,-11.874,0.74584,23.276,81.985,-43.606,2.8546,81.985,294.49
2.568,-0.33825,1.2044,-6.1498,-0.33825,0.11878,-0.13653,0.7966,1.2044,-0.13653,4.3667,2.3187,-6.1498,0.7966,2.3187,24.443
4.1489,-0.29294,-2.5707,-21.312,-0.29294,0.14901,-0.09549,0.57822,-2.5707,-0.09549,4.9592,23.846,-21.312,0.57822,23.846,146.45
1.5483,-0.077572,-2.1965,-6.0342,-0.077572,0.22836,-0.080682,-1.5267,-2.1965,-0.080682,3.8973,13.283,-6.0342,-1.5267,13.283,60.003
1.921,-0.28078,-1.8857,-12.744,-0.28078,0.32848,0.23043,2.0018,-1.8857,0.23043,4.7055,20.159,-12.744,2.0018,20.159,109.54
1.5767,-0.35421,-2.2337,-11.513,-0.35421,0.19143,0.58285,2.7991,-2.2337,0.58285,4.0055,19.313,-11.513,2.7991,19.313,99.876
2.4322,-0.23898,-1.3009,-9.4233,-0.23898,0.13871,0.11,1.3829,-1.3009,0.11,1.7871,8.1519,-9.4233,1.3829,8.1519,54.339
0.90503,0.2662,-2.3147,-10.511,0.2662,0.25836,-0.79228,-3.5568,-2.3147,-0.79228,8.1905,33.258,-10.511,-3.5568,33.258,143.48
2.1267,0.28207,-1.3054,-11.658,0.28207,0.21219,-0.43486,-2.6003,-1.3054,-0.43486,6.1376,20.558,-11.658,-2.6003,20.558,104.47
0.31951,-0.0081593,0.5072,1.8417,-0.0081593,0.2651,-0.58496,-2.1054,0.5072,-0.58496,4.2536,15.194,1.8417,-2.1054,15.194,55.582
3.0359,-0.59273,-2.6868,-9.6765,-0.59273,0.43662,1.0212,3.0899,-2.6868,1.0212,3.9267,11.209,-9.6765,3.0899,11.209,37.898
3.8286,0.22055,-3.1606,-17.435,0.22055,0.089333,-0.10334,-0.9418,-3.1606,-0.10334,4.7043,18.293,-17.435,-0.9418,18.293,88.092
2.8394,-0.18355,-3.5841,-11.665,-0.18355,0.099122,0.46262,1.4471,-3.5841,0.46262,6.0279,18.752,-11.665,1.4471,18.752,59.966
7.1112,-0.36954,-6.9114,-48.833,-0.36954,0.16351,0.4298,2.9548,-6.9114,0.4298,7.4568,50.698,-48.833,2.9548,50.698,352.56
0.26984,0.024692,-0.16356,-2.88,0.024692,0.10788,-0.022957,-0.13384,-0.16356,-0.022957,0.45611,3.6001,-2.88,-0.13384,3.6001,47.693
0.44068,-0.0083917,-0.051988,-4.1216,-0.0083917,0.2157,-0.23707,1.0605,-0.051988,-0.23707,0.77477,1.1075,-4.1216,1.0605,1.1075,64.008
3.1818,-0.23008,-1.8011,-18.674,-0.23008,0.21957,0.047894,-0.058599,-1.8011,0.047894,1.3917,13.332,-18.674,-0.058599,13.332,148.61
7.5225,-1.2784,-2.4844,-40.544,-1.2784,0.47999,0.72918,7.8868,-2.4844,0.72918,1.5995,17.088,-40.544,7.8868,17.088,279.36
2.6477,-0.23962,-0.69933,-15.355,-0.23962,0.2059,0.19475,1.7157,-0.69933,0.19475,0.442,4.4569,-15.355,1.7157,4.4569,101.19
1.5743,-0.0076449,-0.52977,-8.9703,-0.0076449,0.16449,-0.057209,-1.0179,-0.52977,-0.057209,0.3065,3.7804,-8.9703,-1.0179,3.7804,79.546
11.494,0.27452,-4.1494,-90.219,0.27452,0.19015,-0.030913,-1.9654,-4.1494,-0.030913,1.9463,32.594,-90.219,-1.9654,32.594,716.42
1.2567,-0.34788,-2.1416,-11.784,-0.34788,0.25918,0.6517,1.6947,-2.1416,0.6517,4.0729,21.093,-11.784,1.6947,21.093,156.99
2.3694,-0.2168,-0.72767,-10.829,-0.2168,0.10119,0.17872,1.0925,-0.72767,0.17872,0.74275,4.0912,-10.829,1.0925,4.0912,55.805
5.3691,-0.53968,-3.3659,-17.192,-0.53968,0.27253,0.056962,1.4386,-3.3659,0.056962,3.9263,12.326,-17.192,1.4386,12.326,57.563
5.215,-0.47386,-5.0382,-25.131,-0.47386,0.12296,0.37523,1.8522,-5.0382,0.37523,6.8972,31.993,-25.131,1.8522,31.993,156.2
3.4376,-0.58726,-1.3458,-16.827,-0.58726,0.20002,0.19147,2.7038,-1.3458,0.19147,2.0472,11.844,-16.827,2.7038,11.844,106.56
1.8151,-0.086263,-1.8071,-6.7385,-0.086263,0.11816,-0.033057,-0.044851,-1.8071,-0.033057,4.6639,16.197,-6.7385,-0.044851,16.197,57.407
0.80426,0.00078752,-0.80144,-3.8062,0.00078752,0.070038,-0.10919,-0.37095,-0.80144,-0.10919,5.7081,16.251,-3.8062,-0.37095,16.251,51.307
2.3547,-0.089545,-3.1409,-14.695,-0.089545,0.1111,0.12573,0.26659,-3.1409,0.12573,5.2041,25.669,-14.695,0.26659,25.669,132.73
2.326,0.4678,-1.5754,-19.859,0.4678,0.20399,-0.38323,-4.6964,-1.5754,-0.38323,1.6723,15.735,-19.859,-4.6964,15.735,188.63
4.0143,0.029169,-1.1517,-26.019,0.029169,0.17131,-0.2682,-1.8213,-1.1517,-0.2682,2.0849,15.564,-26.019,-1.8213,15.564,220.22
2.3335,-0.62237,-1.5575,-17.124,-0.62237,0.53671,0.58461,5.9768,-1.5575,0.58461,1.8592,16.051,-17.124,5.9768,16.051,160.28
0.88496,-0.0020953,-0.88008,-5.6322,-0.0020953,0.27459,0.36549,0.53421,-0.88008,0.36549,4.1122,14.945,-5.6322,0.53421,14.945,67.832
4.637,-0.54739,-4.6533,-19.22,-0.54739,0.15649,0.66685,2.2541,-4.6533,0.66685,6.1929,21.044,-19.22,2.2541,21.044,83.549
3.4163,-0.85152,-2.5039,-20.772,-0.85152,0.35325,0.66446,5.3758,-2.5039,0.66446,3.0871,20.823,-20.772,5.3758,20.823,167.94
1.1101,-0.022476,-0.98364,-3.9447,-0.022476,0.070073,-0.0068058,0.13347,-0.98364,-0.0068058,2.9196,11.813,-3.9447,0.13347,11.813,52.897
0.69299,-0.065062,-1.458,-5.9702,-0.065062,0.1462,0.030014,-0.018791,-1.458,0.030014,4.3414,16.903,-5.9702,-0.018791,16.903,70.569
3.9338,-0.34992,-2.8765,-18.12,-0.34992,0.12936,0.27736,1.4274,-2.8765,0.27736,2.8311,15.802,-18.12,1.4274,15.802,95.457
4.8964,-0.21743,-2.0625,-31.463,-0.21743,0.29834,-0.1482,1.2944,-2.0625,-0.1482,1.3015,13.966,-31.463,1.2944,13.966,206.75
2.0503,-0.38051,-1.6224,-12.874,-0.38051,0.80488,0.35241,-0.79482,-1.6224,0.35241,1.6032,11.072,-12.874,-0.79482,11.072,103.68
0.92996,0.11485,-0.5381,-3.865,0.11485,0.14716,-0.12511,-0.61058,-0.5381,-0.12511,0.54983,3.4908,-3.865,-0.61058,3.4908,30.875
0.32693,0.0319,-0.024094,-3.3352,0.0319,0.91531,-0.10618,-9.3274,-0.024094,-0.10618,0.1425,1.4046,-3.3352,-9.3274,1.4046,154.04
2.4528,-0.90578,-1.7596,-13.604,-0.90578,0.94109,0.80438,4.1721,-1.7596,0.80438,1.5185,10.436,-13.604,4.1721,10.436,85.506
2.3592,-0.29427,-1.2437,-7.7904,-0.29427,0.16832,0.13103,1.2224,-1.2437,0.13103,1.5393,5.9323,-7.7904,1.2224,5.9323,34.089
1.4328,0.031122,-1.268,-9.5261,0.031122,0.13775,-0.034703,0.037329,-1.268,-0.034703,2.1505,14.336,-9.5261,0.037329,14.336,101.58
3.8554,-0.30378,-0.14244,-5.0027,-0.30378,0.22312,0.015147,0.087532,-0.14244,0.015147,3.5476,10.758,-5.0027,0.087532,10.758,39.719
0.38383,0.0095569,-0.269,-0.41892,0.0095569,0.067264,-0.061011,-0.36938,-0.269,-0.061011,4.5693,8.6888,-0.41892,-0.36938,8.6888,46.645
1.8496,-0.24296,-2.0891,-13.538,-0.24296,0.10889,0.33816,2.0899,-2.0891,0.33816,3.2893,19.66,-13.538,2.0899,19.66,123.39
1.0382,-0.23597,0.32303,1.9225,-0.23597,0.30695,-0.84858,-2.7253,0.32303,-0.84858,5.7911,18.049,1.9225,-2.7253,18.049,58.898
1.6054,-0.040176,-0.97274,-11.338,-0.040176,0.13267,-0.043654,-0.59129,-0.97274,-0.043654,1.3982,10.891,-11.338,-0.59129,10.891,112.45
2.765,-0.62978,-2.3708,-12.159,-0.62978,0.33682,0.61422,2.6844,-2.3708,0.61422,2.8206,12.906,-12.159,2.6844,12.906,63.52
1.8658,-0.26366,-0.95036,-5.5248,-0.26366,0.2608,-0.19552,-2.1214,-0.95036,-0.19552,2.2967,15.077,-5.5248,-2.1214,15.077,116.16
1.5322,0.21248,-0.64338,-11.094,0.21248,0.48943,0.75737,-0.31801,-0.64338,0.75737,3.1408,9.704,-11.094,-0.31801,9.704,96.853
0.92036,0.31727,-0.64069,-5.0965,0.31727,0.32324,-0.58648,-2.5047,-0.64069,-0.58648,3.1222,9.1829,-5.0965,-2.5047,9.1829,45.521
2.7618,-0.99964,-1.8733,-15.59,-0.99964,0.97889,-0.52325,1.5124,-1.8733,-0.52325,5.1217,23.534,-15.59,1.5124,23.534,134.28
0.6741,0.19274,-1.0225,-7.7758,0.19274,0.14241,-0.29151,-2.4714,-1.0225,-0.29151,2.2007,13.553,-7.7758,-2.4714,13.553,100.83
1.4158,0.19645,-2.6798,-15.551,0.19645,0.13355,-0.75304,-3.2345,-2.6798,-0.75304,10.683,46.186,-15.551,-3.2345,46.186,225.83
2.2603,-0.43249,-4.2587,-16.805,-0.43249,0.34225,0.83154,2.5588,-4.2587,0.83154,9.9087,41.082,-16.805,2.5588,41.082,179.44
1.2694,-0.1633,0.053754,-2.7989,-0.1633,0.18149,-0.10004,-0.54005,0.053754,-0.10004,2.163,9.1501,-2.7989,-0.54005,9.1501,55.487
1.3425,-0.15557,-1.7967,-8.7877,-0.15557,0.15162,0.13707,0.42826,-1.7967,0.13707,4.8894,20.399,-8.7877,0.42826,20.399,92.634
1.0192,-0.21848,-1.7375,-16.655,-0.21848,0.44474,-0.084069,2.1237,-1.7375,-0.084069,4.2219,33.597,-16.655,2.1237,33.597,302.12
0.93484,0.19989,-2.3251,-12.161,0.19989,0.4357,-1.5948,-9.5706,-2.3251,-1.5948,10.954,59.785,-12.161,-9.5706,59.785,334.12
2.9361,0.37355,-3.2303,-34.47,0.37355,0.21057,-0.48316,-5.2137,-3.2303,-0.48316,5.1921,41.147,-34.47,-5.2137,41.147,429.82
0.90515,0.11246,-1.8634,-9.2917,0.11246,0.11829,-0.21918,-1.0992,-1.8634,-0.21918,6.3722,24.055,-9.2917,-1.0992,24.055,108.95
9.4313,-1.4343,-10.026,-40.095,-1.4343,0.33718,1.9792,7.1918,-10.026,1.9792,15.95,53.853,-40.095,7.1918,53.853,195.66
0.44889,0.021824,-1.1856,-5.0422,0.021824,0.22358,0.14071,0.15188,-1.1856,0.14071,4.9023,18.008,-5.0422,0.15188,18.008,71.141
4.5108,0.018125,-1.6887,-22.546,0.018125,0.096495,-0.081861,-0.39498,-1.6887,-0.081861,6.1923,21.902,-22.546,-0.39498,21.902,150.69
1.4193,0.055061,-0.17541,-4.6451,0.055061,0.12274,0.060515,0.35753,-0.17541,0.060515,0.68106,3.0941,-4.6451,0.35753,3.0941,28.536
4.0926,-0.34337,-2.5322,-23.358,-0.34337,0.15488,0.046396,0.95567,-2.5322,0.046396,3.459,24.166,-23.358,0.95567,24.166,190.32
1.4507,0.20486,-1.1651,-10.299,0.20486,0.22055,-0.32871,-2.1769,-1.1651,-0.32871,1.9188,12.271,-10.299,-2.1769,12.271,92.483
2.1495,0.42064,0.59459,-15.812,0.42064,0.18905,-0.10382,-4.4857,0.59459,-0.10382,1.3759,0.044144,-15.812,-4.4857,0.044144,151.64
3.5502,-0.76529,-2.8502,-22.897,-0.76529,0.36908,0.90397,5.4434,-2.8502,0.90397,3.5025,20.34,-22.897,5.4434,20.34,154.94
3.7368,-0.6713,0.10298,-11.017,-0.6713,0.26915,-0.37713,-0.036148,0.10298,-0.37713,2.4448,14.262,-11.017,-0.036148,14.262,126.6
0.32516,-0.10973,0.66597,3.7819,-0.10973,0.10571,-0.37429,-2.0725,0.66597,-0.37429,2.6077,13.908,3.7819,-2.0725,13.908,81.958
0.90097,0.024832,-1.6252,-6.6935,0.024832,0.15435,-0.26578,-0.96297,-1.6252,-0.26578,3.7382,14.674,-6.6935,-0.96297,14.674,60.111
0.45844,-0.084885,0.79555,2.0814,-0.084885,0.29095,-1.6246,-3.6727,0.79555,-1.6246,18.179,39.236,2.0814,-3.6727,39.236,86.023
0.77196,0.02813,-2.2419,-9.6033,0.02813,0.2023,0.23187,1.7467,-2.2419,0.23187,10.705,48.367,-9.6033,1.7467,48.367,223.82
2.8788,-0.23184,-3.6205,-16.527,-0.23184,0.15433,0.25534,1.274,-3.6205,0.25534,5.1722,23.123,-16.527,1.274,23.123,106.43
1.9834,-0.13642,-2.2647,-9.5638,-0.13642,0.17741,0.11337,0.36589,-2.2647,0.11337,4.7176,17.624,-9.5638,0.36589,17.624,69.293
2.0851,-0.14538,-2.4851,-16.194,-0.14538,0.14819,0.20336,1.5706,-2.4851,0.20336,4.054,25.221,-16.194,1.5706,25.221,162.57
4.4644,-0.50199,-2.2133,-21.013,-0.50199,0.19457,0.51107,3.0577,-2.2133,0.51107,6.3995,28.609,-21.013,3.0577,28.609,164.34
4.6609,-0.54623,-3.8901,-26.554,-0.54623,0.28119,0.55413,3.8023,-3.8901,0.55413,4.7798,28.74,-26.554,3.8023,28.74,181.88
1.3875,0.16335,-1.6688,-9.0112,0.16335,0.098953,-0.042814,-0.63838,-1.6688,-0.042814,3.3256,15.741,-9.0112,-0.63838,15.741,79.55
0.91028,-0.080733,-1.6866,-7.0673,-0.080733,0.10251,0.34719,0.75852,-1.6866,0.34719,4.5492,17.346,-7.0673,0.75852,17.346,74.759
0.20985,0.038146,-0.3418,-2.2133,0.038146,0.096997,-0.48684,-2.0821,-0.3418,-0.48684,11.921,40.236,-2.2133,-2.0821,40.236,148.57
0.26645,0.014617,-0.36235,-1.0619,0.014617,0.25955,-0.79319,-1.8751,-0.36235,-0.79319,6.1812,16.106,-1.0619,-1.8751,16.106,43.204
3.0363,-0.38055,-2.1736,-14.015,-0.38055,0.17747,0.12149,1.4879,-2.1736,0.12149,3.1779,13.715,-14.015,1.4879,13.715,74.512
1.8801,-0.26226,-2.3473,-12.254,-0.26226,0.14684,0.30346,1.6379,-2.3473,0.30346,4.3903,21.284,-12.254,1.6379,21.284,109.06
0.8606,-0.21145,-0.94638,-4.0457,-0.21145,0.20446,0.6417,2.4786,-0.94638,0.6417,9.4153,29.944,-4.0457,2.4786,29.944,98.277
1.6532,-0.17903,-0.90583,-5.7851,-0.17903,0.10487,0.15414,0.69477,-0.90583,0.15414,1.4299,6.5025,-5.7851,0.69477,6.5025,33.765
1.5643,-0.077016,1.4767,0.20687,-0.077016,0.088919,0.0031109,0.10044,1.4767,0.0031109,6.2713,12.692,0.20687,0.10044,12.692,35.429
2.7461,-0.45184,-2.0572,-12.606,-0.45184,0.21944,0.32396,1.9248,-2.0572,0.32396,2.1247,10.994,-12.606,1.9248,10.994,64.234
2.7793,-0.35353,-1.813,-12.899,-0.35353,0.1538,-0.036422,1.0288,-1.813,-0.036422,6.5712,24.009,-12.899,1.0288,24.009,107.01
0.3596,0.04348,-1.0577,-4.9555,0.04348,0.14477,-0.49669,-1.9734,-1.0577,-0.49669,14.575,57.661,-4.9555,-1.9734,57.661,232.93
3.1983,0.17294,-6.6231,-22.281,0.17294,0.28713,-0.76322,-2.4691,-6.6231,-0.76322,15.532,50.752,-22.281,-2.4691,50.752,169.94
4.7418,0.19046,-4.4315,-23.162,0.19046,0.19369,-0.42694,-2.2953,-4.4315,-0.42694,5.8741,28.72,-23.162,-2.2953,28.72,146.84
1.8505,0.038717,-1.2923,-10.608,0.038717,0.11369,-0.066715,-0.42393,-1.2923,-0.066715,1.9021,10.646,-10.608,-0.42393,10.646,73.41
1.1349,-0.15583,-1.2558,-8.371,-0.15583,0.25693,-0.03141,0.4985,-1.2558,-0.03141,4.4908,19.711,-8.371,0.4985,19.711,102.97
0.85551,-0.028855,-1.3626,-8.2666,-0.028855,0.1505,0.044447,0.98204,-1.3626,0.044447,3.74,19.547,-8.2666,0.98204,19.547,113.36
4.9216,-1.047,-3.9893,-19.69,-1.047,0.51663,1.1171,5.4349,-3.9893,1.1171,4.3482,20.186,-19.69,5.4349,20.186,96.99
0.4924,-0.099492,-0.958,-3.9024,-0.099492,0.17277,0.31883,1.0788,-0.958,0.31883,3.5547,13.936,-3.9024,1.0788,13.936,56.349
0.7157,-0.23579,-2.0439,-5.2845,-0.23579,0.15967,0.88098,2.5182,-2.0439,0.88098,10.956,28.833,-5.2845,2.5182,28.833,83.083
2.5172,-0.043014,-4.3089,-14.213,-0.043014,0.1906,0.0097384,0.35217,-4.3089,0.0097384,9.0977,28.268,-14.213,0.35217,28.268,90.767
4.156,-1.0372,-4.1974,-14.348,-1.0372,0.5597,1.8163,5.1069,-4.1974,1.8163,9.7934,25.635,-14.348,5.1069,25.635,73.087
12.194,-2.8688,-5.4286,-20.361,-2.8688,0.81431,1.3244,4.9657,-5.4286,1.3244,12.559,37.82,-20.361,4.9657,37.82,117.2
3.0018,-0.8888,-7.0796,-29.542,-0.8888,0.37861,2.4534,10.205,-7.0796,2.4534,24.149,95.885,-29.542,10.205,95.885,385.46
2.7271,-0.38333,-5.2148,-15.478,-0.38333,0.24061,1.0311,2.8612,-5.2148,1.0311,11.702,34.255,-15.478,2.8612,34.255,101.73
0.46056,-0.066626,-1.2616,-4.8629,-0.066626,0.16041,0.41489,1.9569,-1.2616,0.41489,5.0466,21.756,-4.8629,1.9569,21.756,101.64
1.0663,0.076951,-0.67461,-4.7734,0.076951,0.093262,-0.16154,-0.70119,-0.67461,-0.16154,1.9437,7.0835,-4.7734,-0.70119,7.0835,36.131
0.89568,0.01207,0.59474,0.59781,0.01207,0.12609,-0.071208,-0.4015,0.59474,-0.071208,3.7627,10.234,0.59781,-0.4015,10.234,32.447
0.90009,0.3446,-2.0818,-5.7756,0.3446,0.25345,-1.1273,-2.9885,-2.0818,-1.1273,9.0148,22.572,-5.7756,-2.9885,22.572,58.309
0.36454,-0.080021,-0.096709,-0.89306,-0.080021,0.33149,-1.0857,-3.1528,-0.096709,-1.0857,8.0507,22.959,-0.89306,-3.1528,22.959,68.233
1.3352,-0.064203,-1.5618,-7.1586,-0.064203,0.085234,0.13969,0.6973,-1.5618,0.13969,5.4314,18.772,-7.1586,0.6973,18.772,71.206
1.3167,-0.13699,-2.3113,-7.7442,-0.13699,0.083153,0.21163,0.68544,-2.3113,0.21163,14.128,37.11,-7.7442,0.68544,37.11,102.91
3.9603,-0.37763,-5.7927,-11.772,-0.37763,0.16804,0.80079,1.7316,-5.7927,0.80079,9.8409,20.017,-11.772,1.7316,20.017,41.328
3.4236,-0.53971,-3.9622,-14.36,-0.53971,0.20602,0.60175,2.0996,-3.9622,0.60175,5.5898,19.174,-14.36,2.0996,19.174,68.14
1.6806,-0.38026,-2.1134,-6.2767,-0.38026,0.22754,0.43768,1.7351,-2.1134,0.43768,3.4725,7.6031,-6.2767,1.7351,7.6031,28.881
3.2635,-0.56814,-2.0973,-17.589,-0.56814,0.1903,0.32632,3.2027,-2.0973,0.32632,3.0746,14.084,-17.589,3.2027,14.084,102.28
1.5729,0.24349,-0.92157,-9.1323,0.24349,0.11429,-0.016431,-1.1188,-0.92157,-0.016431,3.9367,16.742,-9.1323,-1.1188,16.742,93.473
2.4596,-0.093997,-1.1278,-9.5299,-0.093997,0.13496,0.13123,0.84878,-1.1278,0.13123,4.6909,20.283,-9.5299,0.84878,20.283,100.42
0.63717,0.13233,-1.0895,-5.5725,0.13233,0.23525,-0.17747,-1.7056,-1.0895,-0.17747,3.4578,14.072,-5.5725,-1.7056,14.072,69.853
3.5158,0.11094,-5.0213,-26.147,0.11094,0.67953,-0.32654,-3.4404,-5.0213,-0.32654,7.5511,39.288,-26.147,-3.4404,39.288,214.1
2.817,-0.47995,-4.4504,-15.103,-0.47995,0.31672,0.83449,2.8398,-4.4504,0.83449,9.7014,27.816,-15.103,2.8398,27.816,88.074
1.8144,-0.43491,-2.9296,-14.631,-0.43491,0.35696,0.8347,3.1723,-2.9296,0.8347,6.7574,31.093,-14.631,3.1723,31.093,155.86
1.9825,-0.92799,-3.5158,-13.63,-0.92799,0.78856,1.5886,7.1605,-3.5158,1.5886,7.0898,26.192,-13.63,7.1605,26.192,101.76
2.3029,-0.034183,-3.7217,-10.018,-0.034183,0.19186,-0.89866,-1.4992,-3.7217,-0.89866,18.27,37.478,-10.018,-1.4992,37.478,80.935
2.7864,-0.34007,-6.0439,-26.004,-0.34007,0.33521,0.61525,2.5896,-6.0439,0.61525,16.485,66.47,-26.004,2.5896,66.47,274.23
0.50441,0.037219,-0.057654,0.62468,0.037219,0.1645,0.80449,1.8787,-0.057654,0.80449,23.844,45.267,0.62468,1.8787,45.267,90.259
2.3489,-0.22693,-3.2122,-9.8511,-0.22693,0.33278,-0.50277,-1.5024,-3.2122,-0.50277,9.7762,26.014,-9.8511,-1.5024,26.014,76.415
3.648,-0.37117,-4.7674,-25.486,-0.37117,0.19742,0.097358,1.4684,-4.7674,0.097358,12.877,54.049,-25.486,1.4684,54.049,245.55
2.2459,-0.5917,-5.2696,-23.368,-0.5917,0.33351,1.1575,4.8585,-5.2696,1.1575,16.285,67.319,-23.368,4.8585,67.319,288.64
0.68381,-0.05055,-1.4464,-5.669,-0.05055,0.20389,0.12277,0.74663,-1.4464,0.12277,3.7286,14.518,-5.669,0.74663,14.518,58.731
2.3382,0.17319,-3.1595,-14.998,0.17319,0.12867,-0.41077,-2.3071,-3.1595,-0.41077,5.9101,28.423,-14.998,-2.3071,28.423,142.89
10.042,-1.1393,-3.6121,-65.392,-1.1393,0.6339,-0.39562,2.3423,-3.6121,-0.39562,4.2719,39.307,-65.392,2.3423,39.307,517.66
2.2318,-0.075014,-0.66699,-7.2415,-0.075014,0.1127,-0.12981,-0.19841,-0.66699,-0.12981,3.9249,13.883,-7.2415,-0.19841,13.883,62.609
2.6853,-0.10265,-0.80912,-13.199,-0.10265,0.137,0.030333,0.47593,-0.80912,0.030333,0.78731,4.7554,-13.199,0.47593,4.7554,68.144
6.5738,-0.91172,-1.2429,-20.876,-0.91172,0.22874,0.14821,2.8849,-1.2429,0.14821,0.52389,4.9686,-20.876,2.8849,4.9686,72.392
1.8456,-0.041056,-0.62367,-8.1969,-0.041056,0.17094,-0.036824,-0.32672,-0.62367,-0.036824,1.1809,6.0627,-8.1969,-0.32672,6.0627,51.228
1.4177,-0.075844,-1.8474,-6.119,-0.075844,0.26702,-0.96257,-1.7358,-1.8474,-0.96257,9.3879,21.413,-6.119,-1.7358,21.413,53.376
0.54458,-0.083059,-1.0918,-6.9509,-0.083059,0.19331,0.30054,2.1876,-1.0918,0.30054,3.0808,18.855,-6.9509,2.1876,18.855,126.62
0.9692,0.0043094,-2.0184,-7.6137,0.0043094,0.11361,-0.22429,-0.70202,-2.0184,-0.22429,9.065,29.344,-7.6137,-0.70202,29.344,102.12
6.1231,-0.5625,-3.2665,-32.322,-0.5625,0.22648,0.23437,2.6571,-3.2665,0.23437,2.4603,19.216,-32.322,2.6571,19.216,178.49
1.7426,0.060002,-0.88709,-7.3976,0.060002,0.18185,0.035182,-0.56097,-0.88709,0.035182,2.1241,7.7202,-7.3976,-0.56097,7.7202,44.544
6.0835,-0.39234,-3.1879,-41.953,-0.39234,0.11797,0.2607,3.1137,-3.1879,0.2607,2.5812,26.76,-41.953,3.1137,26.76,326.78
1.0213,-0.37667,-2.2366,-10.485,-0.37667,0.43794,1.2578,4.8681,-2.2366,1.2578,7.7137,32.272,-10.485,4.8681,32.272,141.96
4.404,0.43562,-2.0604,-29.026,0.43562,0.14859,-0.31497,-3.16,-2.0604,-0.31497,1.7049,16.634,-29.026,-3.16,16.634,213.61
1.2874,-0.26946,-1.1618,-12.274,-0.26946,0.24191,0.25141,2.2404,-1.1618,0.25141,1.6247,14.138,-12.274,2.2404,14.138,142.68
1.4634,-0.095484,-1.3708,-7.0432,-0.095484,0.11364,-0.0072271,0.28756,-1.3708,-0.0072271,2.1272,9.099,-7.0432,0.28756,9.099,42.894
4.376,-0.74263,-4.9255,-23.05,-0.74263,0.24947,0.80536,3.7909,-4.9255,0.80536,6.628,29.425,-23.05,3.7909,29.425,133.72
2.062,-0.29642,-3.9784,-12.581,-0.29642,0.19736,0.86534,2.5482,-3.9784,0.86534,9.4232,28.441,-12.581,2.5482,28.441,87.572
6.059,-0.62212,-2.9338,-42.854,-0.62212,0.2348,0.57805,5.6605,-2.9338,0.57805,2.7358,28.362,-42.854,5.6605,28.362,352.86
0.89341,0.054532,-0.57574,-6.8523,0.054532,0.26937,0.59226,2.1481,-0.57574,0.59226,3.44,17.075,-6.8523,2.1481,17.075,108.54
4.6862,-1.0699,-3.4031,-34.347,-1.0699,0.50285,0.87078,8.9108,-3.4031,0.87078,2.8179,27.338,-34.347,8.9108,27.338,275.41
1.339,0.036304,-1.2031,-6.8151,0.036304,0.16465,0.0032092,0.0555,-1.2031,0.0032092,1.5755,7.9756,-6.8151,0.0555,7.9756,43.852
0.78934,0.11873,-0.31246,-7.7577,0.11873,0.19698,-0.049607,-1.8974,-0.31246,-0.049607,0.39932,4.7687,-7.7577,-1.8974,4.7687,99.923
2.5461,0.087356,-1.9955,-13.448,0.087356,0.099807,0.034086,-0.16417,-1.9955,0.034086,2.1375,12.664,-13.448,-0.16417,12.664,85.545
2.0282,0.16251,-1.1371,-6.7378,0.16251,0.11348,-0.33744,-0.9873,-1.1371,-0.33744,2.2332,7.1357,-6.7378,-0.9873,7.1357,31.867
1.0279,-0.026681,-0.73942,-6.4058,-0.026681,0.32361,0.46224,2.2147,-0.73942,0.46224,1.8818,11.288,-6.4058,2.2147,11.288,84.613
2.2584,-0.35456,0.30252,-8.6737,-0.35456,0.14603,-0.021848,1.0966,0.30252,-0.021848,0.32973,-0.13157,-8.6737,1.0966,-0.13157,49.088
3.9981,-0.68433,-1.5013,-17.885,-0.68433,0.25412,0.10147,3.0061,-1.5013,0.10147,2.2172,8.4076,-17.885,3.0061,8.4076,86.137
7.6432,-0.76945,-3.291,-35.919,-0.76945,0.16986,0.35945,3.6202,-3.291,0.35945,1.8177,16.533,-35.919,3.6202,16.533,175.65
0.70475,-0.090922,0.0020514,-2.9988,-0.090922,0.14382,0.029582,0.63312,0.0020514,0.029582,0.4097,2.5696,-2.9988,0.63312,2.5696,39.347
5.1163,-2.251,4.0688,18.079,-2.251,1.4911,-2.0201,-9.9308,4.0688,-2.0201,3.4546,15.51,18.079,-9.9308,15.51,74.531
0.29302,0.21488,0.20374,-3.5223,0.21488,0.58318,-0.35953,-7.6018,0.20374,-0.35953,2.1356,5.1485,-3.5223,-7.6018,5.1485,137.09
1.5182,-0.039249,2.3806,0.49385,-0.039249,0.082045,-0.27291,-0.74565,2.3806,-0.27291,10.861,23.332,0.49385,-0.74565,23.332,74.866
6.1316,0.24993,2.4198,-28.508,0.24993,0.13019,-0.01505,-0.94927,2.4198,-0.01505,4.3203,0.71027,-28.508,-0.94927,0.71027,209.52
6.2499,-0.40489,0.51359,-29.248,-0.40489,0.16988,0.2202,2.2174,0.51359,0.2202,2.0762,-0.83762,-29.248,2.2174,-0.83762,140.98
0.55787,0.27764,-0.35935,-2.7665,0.27764,0.34963,-0.68047,-2.1812,-0.35935,-0.68047,4.3226,5.4609,-2.7665,-2.1812,5.4609,20.378
1.7799,-0.35746,-1.3264,-9.0923,-0.35746,0.23806,0.46137,2.6845,-1.3264,0.46137,1.6866,9.4618,-9.0923,2.6845,9.4618,58.707
4.0528,0.19526,-0.64399,-23.513,0.19526,0.10603,0.073522,-1.3736,-0.64399,0.073522,1.7743,8.8197,-23.513,-1.3736,8.8197,164.16
0.90501,0.084811,-0.63581,-4.2617,0.084811,0.17801,-0.39105,-2.1226,-0.63581,-0.39105,2.0837,10.397,-4.2617,-2.1226,10.397,58.352
2.6772,0.35101,-1.0874,-16.32,0.35101,0.19597,-0.2003,-2.8947,-1.0874,-0.2003,1.0118,10.279,-16.32,-2.8947,10.279,127.72
1.3061,0.26711,-1.3264,-9.8373,0.26711,0.20401,-0.46812,-3.2266,-1.3264,-0.46812,3.1804,16.51,-9.8373,-3.2266,16.51,102.88
0.40158,-0.15299,-0.015707,-0.58512,-0.15299,0.27906,-0.19114,-2.6384,-0.015707,-0.19114,0.42047,4.7453,-0.58512,-2.6384,4.7453,76.301
4.3204,-0.33366,-3.4704,-31.956,-0.33366,0.11578,0.32283,2.3504,-3.4704,0.32283,3.2607,27.361,-31.956,2.3504,27.361,249.36
3.2631,-0.55316,-4.0828,-12.824,-0.55316,0.18143,0.54597,1.751,-4.0828,0.54597,6.6667,21.052,-12.824,1.751,21.052,68.061
0.81319,-0.081392,-1.4213,-6.1135,-0.081392,0.11642,0.23893,0.76079,-1.4213,0.23893,5.6927,23.087,-6.1135,0.76079,23.087,96.396
0.5769,0.30552,-1.8959,-8.0984,0.30552,0.31413,-0.98228,-5.1349,-1.8959,-0.98228,9.0068,34.867,-8.0984,-5.1349,34.867,150.2
2.0109,-0.40862,-3.3886,-12.05,-0.40862,0.15689,0.76883,2.7172,-3.3886,0.76883,7.7088,25.154,-12.05,2.7172,25.154,86.645
0.64559,-0.19089,-0.33621,-1.6269,-0.19089,0.16873,0.11078,0.061359,-0.33621,0.11078,1.6304,11.056,-1.6269,0.061359,11.056,83.236
0.42291,-0.0013667,-0.3752,-1.8261,-0.0013667,0.25781,-0.38178,-3.0801,-0.3752,-0.38178,1.7014,11.314,-1.8261,-3.0801,11.314,83.898
1.7385,0.0061255,-0.72119,-10.93,0.0061255,0.094672,-0.02201,-0.68443,-0.72119,-0.02201,0.76359,7.071,-10.93,-0.68443,7.071,95.874
0.40391,-0.051547,0.27935,0.44882,-0.051547,0.10707,-0.21084,-1.3809,0.27935,-0.21084,1.9115,11.239,0.44882,-1.3809,11.239,77.652
0.94798,-0.17472,-1.8726,-5.8783,-0.17472,0.52494,0.50744,1.7838,-1.8726,0.50744,4.3391,13.439,-5.8783,1.7838,13.439,42.317
1.2116,-0.10352,-1.3779,-9.3027,-0.10352,0.094446,0.22572,0.8994,-1.3779,0.22572,3.5537,15.558,-9.3027,0.8994,15.558,97.278
2.239,-0.21892,-2.8235,-14.254,-0.21892,0.10234,0.41993,1.5721,-2.8235,0.41993,6.1198,23.898,-14.254,1.5721,23.898,107.46
0.60653,-0.2404,1.0863,1.896,-0.2404,0.73099,-2.5781,-5.4016,1.0863,-2.5781,13.253,25.721,1.896,-5.4016,25.721,51.21
1.9354,-0.25904,-1.2343,-13.166,-0.25904,0.15523,0.03348,1.4496,-1.2343,0.03348,4.8992,22.888,-13.166,1.4496,22.888,144.92
0.4904,-0.14836,-0.84165,-2.612,-0.14836,0.20598,0.2543,0.84154,-0.84165,0.2543,1.8152,5.4957,-2.612,0.84154,5.4957,17.531
1.6791,0.030321,-1.2799,-9.1723,0.030321,0.1891,-0.12846,-0.6648,-1.2799,-0.12846,3.3631,14.062,-9.1723,-0.6648,14.062,72.472
1.6106,-0.29444,-3.1168,-13.16,-0.29444,0.20251,0.91442,3.2863,-3.1168,0.91442,7.8629,30.806,-13.16,3.2863,30.806,128.13
2.4535,0.038234,-5.7718,-21.396,0.038234,0.082942,-0.31548,-1.0692,-5.7718,-0.31548,18.291,65.014,-21.396,-1.0692,65.014,234.42
1.9111,-0.26698,-3.1059,-12.033,-0.26698,0.14171,0.62397,2.0692,-3.1059,0.62397,6.3151,22.385,-12.033,2.0692,22.385,83.856
3.4749,-0.10668,-0.9822,-16.869,-0.10668,0.1519,-0.010173,-0.18326,-0.9822,-0.010173,1.1346,9.9169,-16.869,-0.18326,9.9169,118.22
1.5758,-0.29881,-0.4088,-5.9099,-0.29881,0.29128,-0.18982,-0.13381,-0.4088,-0.18982,1.5337,9.2887,-5.9099,-0.13381,9.2887,67.238
8.5995,-1.1753,-6.301,-20.841,-1.1753,0.26424,0.79261,2.7764,-6.301,0.79261,6.2281,17.289,-20.841,2.7764,17.289,53.477
1.9535,-0.32661,-1.9827,-12.26,-0.32661,0.24046,0.74225,4.1332,-1.9827,0.74225,5.1246,27.423,-12.26,4.1332,27.423,151.5
4.6166,0.39229,-3.1969,-20.789,0.39229,0.29083,-0.31087,-2.061,-3.1969,-0.31087,2.6451,15.714,-20.789,-2.061,15.714,101.5
1.4222,-0.40218,-1.2958,-8.7933,-0.40218,0.2873,0.59664,2.9411,-1.2958,0.59664,2.8123,11.691,-8.7933,2.9411,11.691,65.648
3.0121,-0.57239,-3.5104,-19.22,-0.57239,0.35126,0.89225,4.3372,-3.5104,0.89225,4.8043,25.797,-19.22,4.3372,25.797,148.55
2.1839,-0.18983,-2.5819,-13.456,-0.18983,0.1333,0.16554,1.3682,-2.5819,0.16554,7.001,24.886,-13.456,1.3682,24.886,107.45
0.72565,-0.32167,-0.55361,-2.5124,-0.32167,0.48203,0.063287,0.49311,-0.55361,0.063287,2.081,7.2455,-2.5124,0.49311,7.2455,27.087
2.8868,-0.71144,-2.296,-16.037,-0.71144,0.27441,0.68275,4.2778,-2.296,0.68275,3.4,16.123,-16.037,4.2778,16.123,98.866
1.2751,0.085406,-0.67344,-10.721,0.085406,0.2009,-0.17001,-1.6074,-0.67344,-0.17001,3.2351,16.021,-10.721,-1.6074,16.021,134.65
0.70311,-0.2136,0.19653,-0.20144,-0.2136,0.29994,-0.559,-2.4494,0.19653,-0.559,3.2306,16.064,-0.20144,-2.4494,16.064,86.039
3.9227,-0.84969,-3.0252,-23.269,-0.84969,0.45541,0.69126,4.7954,-3.0252,0.69126,3.1854,19.889,-23.269,4.7954,19.889,144.66
6.5767,-0.42401,-1.782,-34.03,-0.42401,0.098585,0.081978,2.0376,-1.782,0.081978,1.513,12.986,-34.03,2.0376,12.986,195.16
4.0381,-0.2181,-0.17498,-17.218,-0.2181,0.097745,0.17773,1.1979,-0.17498,0.17773,1.4113,2.7867,-17.218,1.1979,2.7867,79.47
3.4501,-0.25669,-1.0898,-17.813,-0.25669,0.15508,0.22162,1.8396,-1.0898,0.22162,3.978,12.702,-17.813,1.8396,12.702,109.17
1.7466,-0.24419,-1.2386,-10.857,-0.24419,0.21335,0.067784,0.52726,-1.2386,0.067784,3.6344,27.152,-10.857,0.52726,27.152,214.84
