437.57,1.2545,-0.15658,-0.44283,-0.70755,20.93,-5.6742,-1.5074,1.2545,0.11139,0.13035,-0.092647,0.016241,0.042959,-0.038635,-0.0088309,-0.15658,0.13035,0.79333,-0.30023,0.040447,0.010788,-0.031546,-0.030253,-0.44283,-0.092647,-0.30023,0.25963,-0.055855,-0.0042983,0.043673,0.019326,-0.70755,0.016241,0.040447,-0.055855,0.075917,-0.05179,-0.0086828,-0.0026137,20.93,0.042959,0.010788,-0.0042983,-0.05179,1.115,-0.24877,-0.05341,-5.6742,-0.038635,-0.031546,0.043673,-0.0086828,-0.24877,0.13376,0.016607,-1.5074,-0.0088309,-0.030253,0.019326,-0.0026137,-0.05341,0.016607,0.065578
304.97,-2.0098,1.7417,0.28365,0.60233,23.922,-2.9525,-0.10856,-2.0098,0.13384,-0.080172,0.025614,-0.060694,-0.24462,-0.027651,-0.0076832,1.7417,-0.080172,0.684,-0.193,0.17651,0.24556,0.056759,-0.078294,0.28365,0.025614,-0.193,0.18413,-0.031491,-0.0036005,-0.022673,0.033313,0.60233,-0.060694,0.17651,-0.031491,0.20366,0.22461,0.027682,-0.0029339,23.922,-0.24462,0.24556,-0.0036005,0.22461,2.3683,-0.3049,0.012135,-2.9525,-0.027651,0.056759,-0.022673,0.027682,-0.3049,0.16345,0.0063763,-0.10856,-0.0076832,-0.078294,0.033313,-0.0029339,0.012135,0.0063763,0.054566
331.94,-0.61706,5.248,0.066564,2.5285,20.933,-1.7779,-2.0926,-0.61706,0.043736,0.035606,-0.018124,-0.011471,-0.032054,-0.0080828,-0.0073105,5.248,0.035606,0.74529,-0.2221,0.009013,0.28228,-0.04828,-0.068714,0.066564,-0.018124,-0.2221,0.15584,-0.0080449,0.019066,-0.0084956,0.033457,2.5285,-0.011471,0.009013,-0.0080449,0.10227,0.15041,0.021354,-0.049893,20.933,-0.032054,0.28228,0.019066,0.15041,1.4319,-0.10142,-0.13813,-1.7779,-0.0080828,-0.04828,-0.0084956,0.021354,-0.10142,0.088067,0.003114,-2.0926,-0.0073105,-0.068714,0.033457,-0.049893,-0.13813,0.003114,0.066216
389.3,0.19114,5.8494,4.7524,1.2492,35.444,-1.2866,0.91832,0.19114,0.053418,0.0077674,0.026707,0.0026071,0.022698,-0.0060655,-0.030294,5.8494,0.0077674,0.46428,-0.065593,-0.047188,0.51649,0.01332,-0.0015221,4.7524,0.026707,-0.065593,0.24183,0.079016,0.38868,-0.026821,0.0012221,1.2492,0.0026071,-0.047188,0.079016,0.11563,0.11675,-0.021044,0.019949,35.444,0.022698,0.51649,0.38868,0.11675,3.3431,-0.10645,0.073221,-1.2866,-0.0060655,0.01332,-0.026821,-0.021044,-0.10645,0.089388,-0.019593,0.91832,-0.030294,-0.0015221,0.0012221,0.019949,0.073221,-0.019593,0.073148
438.83,-3.7551,1.9569,1.5123,-1.2651,27.627,-1.8334,1.5321,-3.7551,0.14504,-0.063941,-0.018621,0.001312,-0.085966,0.011652,-0.048258,1.9569,-0.063941,0.25165,-0.12744,0.015023,-0.050345,0.019749,-0.0027898,1.5123,-0.018621,-0.12744,0.33356,0.0086861,0.10475,-0.0083209,-0.049567,-1.2651,0.001312,0.015023,0.0086861,0.082677,-0.12863,0.019092,-0.040867,27.627,-0.085966,-0.050345,0.10475,-0.12863,2.3912,-0.12027,0.18222,-1.8334,0.011652,0.019749,-0.0083209,0.019092,-0.12027,0.058137,-0.0094312,1.5321,-0.048258,-0.0027898,-0.049567,-0.040867,0.18222,-0.0094312,0.16681
234.21,-1.7298,-1.301,2.6877,-0.50596,23.378,-0.92935,-0.89951,-1.7298,0.14351,0.03957,-0.08801,-0.046275,-0.10478,-0.05151,0.050238,-1.301,0.03957,0.28403,-0.14941,0.023548,-0.16955,0.074786,-0.010899,2.6877,-0.08801,-0.14941,0.29124,0.056134,0.21007,-0.025307,-0.038542,-0.50596,-0.046275,0.023548,0.056134,0.1275,-0.14316,0.065641,-0.047602,23.378,-0.10478,-0.16955,0.21007,-0.14316,2.4679,-0.16766,-0.034424,-0.92935,-0.05151,0.074786,-0.025307,0.065641,-0.16766,0.12357,-0.035285,-0.89951,0.050238,-0.010899,-0.038542,-0.047602,-0.034424,-0.035285,0.085353
324.51,1.2878,5.9646,2.0952,-1.5653,36.106,-3.5199,-0.21129,1.2878,0.069024,-0.0018431,0.018445,-0.014381,0.13121,0.00025218,-0.00016563,5.9646,-0.0018431,0.44158,0.039225,-0.02755,0.62221,-0.080852,-0.039414,2.0952,0.018445,0.039225,0.11906,-0.010385,0.32607,-0.031908,-0.0094521,-1.5653,-0.014381,-0.02755,-0.010385,0.052239,-0.17383,0.01647,-0.0067777,36.106,0.13121,0.62221,0.32607,-0.17383,4.2558,-0.41481,-0.035806,-3.5199,0.00025218,-0.080852,-0.031908,0.01647,-0.41481,0.074105,0.0060381,-0.21129,-0.00016563,-0.039414,-0.0094521,-0.0067777,-0.035806,0.0060381,0.073788
156.68,0.045053,0.53928,2.0981,0.84787,15.252,-2.272,-0.042204,0.045053,0.14698,0.044612,-0.042148,-0.052873,0.023769,0.040441,-0.0093804,0.53928,0.044612,0.26129,-0.058192,-0.0050111,0.050914,0.032656,0.048871,2.0981,-0.042148,-0.058192,0.16391,0.076094,0.19895,-0.059244,-0.026907,0.84787,-0.052873,-0.0050111,0.076094,0.117,0.076219,-0.043374,-0.013938,15.252,0.023769,0.050914,0.19895,0.076219,1.5972,-0.25109,-0.020014,-2.272,0.040441,0.032656,-0.059244,-0.043374,-0.25109,0.14483,0.0064631,-0.042204,-0.0093804,0.048871,-0.026907,-0.013938,-0.020014,0.0064631,0.061567
176.13,-2.7857,1.0803,1.0874,1.2092,16.926,-0.75161,0.7114,-2.7857,0.14655,0.017013,0.059515,-0.051603,-0.23112,-0.026265,-0.03236,1.0803,0.017013,0.23405,-0.053101,-0.049426,0.0042216,-0.046314,-0.00033952,1.0874,0.059515,-0.053101,0.1898,-0.0094842,0.19772,-0.013001,-0.0053406,1.2092,-0.051603,-0.049426,-0.0094842,0.096787,0.12602,0.049045,0.024211,16.926,-0.23112,0.0042216,0.19772,0.12602,1.8186,-0.04263,0.10349,-0.75161,-0.026265,-0.046314,-0.013001,0.049045,-0.04263,0.10575,0.037634,0.7114,-0.03236,-0.00033952,-0.0053406,0.024211,0.10349,0.037634,0.077452
272.29,-0.1011,0.24055,4.1241,-0.25204,20.298,-1.4988,-1.3712,-0.1011,0.059154,0.029201,0.010101,0.0052907,-0.0082448,0.0016382,-0.01542,0.24055,0.029201,0.31353,-0.048552,0.027313,-0.086917,0.0046149,-0.013721,4.1241,0.010101,-0.048552,0.23678,-0.00059448,0.22343,-0.050807,-0.08562,-0.25204,0.0052907,0.027313,-0.00059448,0.064599,-0.0096902,-0.011554,0.0045341,20.298,-0.0082448,-0.086917,0.22343,-0.0096902,1.7807,-0.064483,-0.056871,-1.4988,0.0016382,0.0046149,-0.050807,-0.011554,-0.064483,0.074851,0.019361,-1.3712,-0.01542,-0.013721,-0.08562,0.0045341,-0.056871,0.019361,0.082248
272.75,1.323,1.7836,1.6642,-2.0737,20.288,-2.0296,-1.8093,1.323,0.050851,0.010336,0.008634,-0.045346,0.053447,-0.0083658,-0.026116,1.7836,0.010336,0.14864,-0.023682,-0.015988,-0.013018,-0.032611,-0.016569,1.6642,0.008634,-0.023682,0.10137,-0.057974,0.11827,0.0030418,-0.013403,-2.0737,-0.045346,-0.015988,-0.057974,0.17918,0.0040835,-0.040211,0.055445,20.288,0.053447,-0.013018,0.11827,0.0040835,1.9969,-0.17494,-0.074554,-2.0296,-0.0083658,-0.032611,0.0030418,-0.040211,-0.17494,0.093396,-8.6204e-05,-1.8093,-0.026116,-0.016569,-0.013403,0.055445,-0.074554,-8.6204e-05,0.073244
224.03,0.31117,0.56691,0.59155,-0.96912,16.588,-0.32813,-0.83144,0.31117,0.085525,-0.035929,-0.0086676,0.025582,0.079882,-0.016847,0.0061157,0.56691,-0.035929,0.23484,-0.059203,-0.046997,0.017044,-9.0592e-05,0.064011,0.59155,-0.0086676,-0.059203,0.089577,-0.011726,-0.016118,0.0022258,-0.016431,-0.96912,0.025582,-0.046997,-0.011726,0.12938,0.043307,-0.017109,-0.030725,16.588,0.079882,0.017044,-0.016118,0.043307,1.5729,-0.030301,-0.09736,-0.32813,-0.016847,-9.0592e-05,0.0022258,-0.017109,-0.030301,0.072155,-0.019754,-0.83144,0.0061157,0.064011,-0.016431,-0.030725,-0.09736,-0.019754,0.096824
584.65,0.63187,-4.3363,3.4362,-0.15162,37.877,-3.1474,-0.26959,0.63187,0.10195,0.094023,-0.030162,-0.0058178,-0.019301,-0.0088772,-0.014672,-4.3363,0.094023,0.79687,-0.17874,-0.089617,-0.50999,0.022274,0.042299,3.4362,-0.030162,-0.17874,0.094584,0.0022811,0.25024,-0.0032006,-0.012527,-0.15162,-0.0058178,-0.089617,0.0022811,0.11176,0.068336,-0.012709,-0.0133,37.877,-0.019301,-0.50999,0.25024,0.068336,2.777,-0.19695,-0.03627,-3.1474,-0.0088772,0.022274,-0.0032006,-0.012709,-0.19695,0.090586,-0.011327,-0.26959,-0.014672,0.042299,-0.012527,-0.0133,-0.03627,-0.011327,0.050596
179.84,-2.3004,-0.99506,0.80377,-1.0367,12.59,-0.42982,0.30663,-2.3004,0.16394,0.043642,0.0087155,-0.011587,-0.14575,0.034844,-0.0057684,-0.99506,0.043642,0.36099,-0.11798,-0.004998,-0.0027348,0.036072,-0.030687,0.80377,0.0087155,-0.11798,0.21141,-0.041581,-0.057614,-0.00096737,0.044927,-1.0367,-0.011587,-0.004998,-0.041581,0.074627,-0.047946,-0.019164,-0.014957,12.59,-0.14575,-0.0027348,-0.057614,-0.047946,1.0693,-0.028534,-0.01251,-0.42982,0.034844,0.036072,-0.00096737,-0.019164,-0.028534,0.044052,-0.0076551,0.30663,-0.0057684,-0.030687,0.044927,-0.014957,-0.01251,-0.0076551,0.05827
199.33,0.1643,-7.7878,3.3566,-0.42903,18.39,0.19408,2.2828,0.1643,0.18162,-0.074242,0.076121,0.014074,-0.060995,0.0029256,-0.082864,-7.7878,-0.074242,1.9349,-0.36111,0.17285,-0.82279,-0.21004,-0.17167,3.3566,0.076121,-0.36111,0.23277,-0.034819,0.28914,0.01954,-0.024538,-0.42903,0.014074,0.17285,-0.034819,0.093611,-0.078581,-0.039568,-0.058351,18.39,-0.060995,-0.82279,0.28914,-0.078581,1.8832,0.030458,0.27854,0.19408,0.0029256,-0.21004,0.01954,-0.039568,0.030458,0.089386,0.061589,2.2828,-0.082864,-0.17167,-0.024538,-0.058351,0.27854,0.061589,0.19018
624.84,-1.5161,1.1861,10.294,-1.9266,45.078,-0.88217,0.87335,-1.5161,0.042399,-0.0070226,-0.021202,0.011008,-0.13499,-0.0017867,-0.01344,1.1861,-0.0070226,1.0473,-0.49903,0.0047157,-0.14127,-0.23537,0.066168,10.294,-0.021202,-0.49903,0.50817,-0.046362,0.87838,0.10646,-0.034453,-1.9266,0.011008,0.0047157,-0.046362,0.11868,-0.22822,-0.026247,-0.032528,45.078,-0.13499,-0.14127,0.87838,-0.22822,3.7026,0.08863,0.092101,-0.88217,-0.0017867,-0.23537,0.10646,-0.026247,0.08863,0.16361,-0.013457,0.87335,-0.01344,0.066168,-0.034453,-0.032528,0.092101,-0.013457,0.10167
377.95,0.11699,0.39536,5.1573,-0.84505,23,0.77519,1.1244,0.11699,0.046403,-0.0008049,-0.018545,0.00087617,-0.0046917,-0.026932,-0.0010174,0.39536,-0.0008049,0.38746,-0.12499,-0.076188,-0.12979,0.010923,0.012939,5.1573,-0.018545,-0.12499,0.20893,0.032266,0.40406,0.042355,0.0077568,-0.84505,0.00087617,-0.076188,0.032266,0.067596,0.0031188,-0.0023924,-0.00053914,23,-0.0046917,-0.12979,0.40406,0.0031188,1.5818,0.047348,0.061616,0.77519,-0.026932,0.010923,0.042355,-0.0023924,0.047348,0.094474,0.0039533,1.1244,-0.0010174,0.012939,0.0077568,-0.00053914,0.061616,0.0039533,0.057951
253.31,-0.41674,-0.83905,2.688,-0.81951,20.167,-1.2634,0.65933,-0.41674,0.068346,0.11406,-0.072409,0.015188,-0.092676,0.0090112,-0.013358,-0.83905,0.11406,0.78599,-0.47022,-0.0043416,-0.26212,-0.0062979,-0.096834,2.688,-0.072409,-0.47022,0.38508,-0.0041021,0.31066,0.0099383,0.067722,-0.81951,0.015188,-0.0043416,-0.0041021,0.061408,-0.058898,0.0034961,0.00031911,20.167,-0.092676,-0.26212,0.31066,-0.058898,1.8617,-0.079184,0.078071,-1.2634,0.0090112,-0.0062979,0.0099383,0.0034961,-0.079184,0.086751,0.0086135,0.65933,-0.013358,-0.096834,0.067722,0.00031911,0.078071,0.0086135,0.063522
492.74,-0.81262,-9.6793,1.6738,-0.11457,23.898,-0.62985,0.95631,-0.81262,0.03483,0.0045612,0.01967,-0.011198,-0.0029108,-0.010753,-0.0091738,-9.6793,0.0045612,0.5138,-0.12009,0.063352,-0.55189,0.012963,-0.004555,1.6738,0.01967,-0.12009,0.20857,-0.029799,-0.002411,-0.0019923,-0.016684,-0.11457,-0.011198,0.063352,-0.029799,0.059011,-0.034372,0.021673,0.01128,23.898,-0.0029108,-0.55189,-0.002411,-0.034372,1.5772,-0.040278,0.027211,-0.62985,-0.010753,0.012963,-0.0019923,0.021673,-0.040278,0.063057,0.016643,0.95631,-0.0091738,-0.004555,-0.016684,0.01128,0.027211,0.016643,0.047394
604.75,1.0691,3.9186,9.1553,0.686,40.954,-5.247,0.1434,1.0691,0.044435,0.012322,0.00031595,0.021428,0.065542,-0.0046571,-0.00093829,3.9186,0.012322,0.34844,0.073234,0.033649,0.12174,-0.063731,-0.006957,9.1553,0.00031595,0.073234,0.32706,0.089207,0.54388,-0.10512,-0.043588,0.686,0.021428,0.033649,0.089207,0.16081,-0.0065038,-0.015191,-0.047869,40.954,0.065542,0.12174,0.54388,-0.0065038,3.0056,-0.33273,-0.021886,-5.247,-0.0046571,-0.063731,-0.10512,-0.015191,-0.33273,0.077365,0.0087445,0.1434,-0.00093829,-0.006957,-0.043588,-0.047869,-0.021886,0.0087445,0.10446
519.77,-2.9915,-0.033437,6.3195,-1.4918,40.342,-3.0663,-1.4946,-2.9915,0.10141,0.028041,-0.076497,0.0084296,-0.26753,0.0010549,0.0015399,-0.033437,0.028041,0.24864,-0.091792,0.0021454,-0.065113,0.030289,-0.0034972,6.3195,-0.076497,-0.091792,0.22785,-0.0060012,0.56743,-0.010534,-0.0010141,-1.4918,0.0084296,0.0021454,-0.0060012,0.056798,-0.13645,0.0042644,0.021012,40.342,-0.26753,-0.065113,0.56743,-0.13645,3.3256,-0.22284,-0.14774,-3.0663,0.0010549,0.030289,-0.010534,0.0042644,-0.22284,0.080994,0.01211,-1.4946,0.0015399,-0.0034972,-0.0010141,0.021012,-0.14774,0.01211,0.063218
347.57,0.4792,1.7694,2.2559,0.26779,41.53,-4.36,-1.0488,0.4792,0.030706,-0.015298,0.0093778,0.0044045,0.064125,-0.0022917,0.00020309,1.7694,-0.015298,0.28193,-0.033275,0.037094,0.22365,-0.011515,0.00064292,2.2559,0.0093778,-0.033275,0.20095,0.077676,0.27779,-0.053325,-0.045247,0.26779,0.0044045,0.037094,0.077676,0.1745,0.063708,0.008682,-0.016437,41.53,0.064125,0.22365,0.27779,0.063708,5.0688,-0.49525,-0.092869,-4.36,-0.0022917,-0.011515,-0.053325,0.008682,-0.49525,0.11764,0.034883,-1.0488,0.00020309,0.00064292,-0.045247,-0.016437,-0.092869,0.034883,0.077202
230.11,-0.87996,0.18138,-1.141,-0.35706,19.504,-1.9197,0.93747,-0.87996,0.10874,-0.08951,0.065683,-0.035279,-0.064241,0.0020873,-0.030458,0.18138,-0.08951,0.59351,-0.04835,0.034883,-0.055967,-0.013496,0.03233,-1.141,0.065683,-0.04835,0.20269,-0.0096784,-0.12192,-0.0041061,-0.028511,-0.35706,-0.035279,0.034883,-0.0096784,0.048204,-0.046943,0.0034312,0.018455,19.504,-0.064241,-0.055967,-0.12192,-0.046943,1.7614,-0.164,0.10054,-1.9197,0.0020873,-0.013496,-0.0041061,0.0034312,-0.164,0.078231,-0.0088703,0.93747,-0.030458,0.03233,-0.028511,0.018455,0.10054,-0.0088703,0.094493
597.38,0.9612,6.8883,5.864,3.1524,46.914,-7.7049,-1.1446,0.9612,0.063713,0.031119,0.031001,0.013298,0.099248,-0.034621,-0.017829,6.8883,0.031119,0.40247,0.0056044,0.0090777,0.5082,-0.076549,0.039267,5.864,0.031001,0.0056044,0.21494,0.063866,0.52044,-0.10924,-0.061351,3.1524,0.013298,0.0090777,0.063866,0.078858,0.27303,-0.068893,-0.0393,46.914,0.099248,0.5082,0.52044,0.27303,3.8317,-0.60341,-0.12789,-7.7049,-0.034621,-0.076549,-0.10924,-0.068893,-0.60341,0.16195,0.037839,-1.1446,-0.017829,0.039267,-0.061351,-0.0393,-0.12789,0.037839,0.075911
114.77,-0.0049094,0.47304,0.48732,1.1911,8.7709,-0.4278,-0.69733,-0.0049094,0.12483,-0.044045,0.062431,-0.021155,0.011057,-0.029965,0.023229,0.47304,-0.044045,0.47215,0.055567,0.13511,0.072343,0.067884,-0.106,0.48732,0.062431,0.055567,0.16283,0.029894,0.086306,-0.0045739,-0.01503,1.1911,-0.021155,0.13511,0.029894,0.13208,0.097618,0.039979,-0.051138,8.7709,0.011057,0.072343,0.086306,0.097618,0.75717,-0.038985,-0.080406,-0.4278,-0.029965,0.067884,-0.0045739,0.039979,-0.038985,0.079115,0.00034176,-0.69733,0.023229,-0.106,-0.01503,-0.051138,-0.080406,0.00034176,0.096556
415.34,2.0422,2.1802,1.177,-1.5985,9.9723,-1.0198,-0.77972,2.0422,0.10722,0.043633,0.022184,-0.01692,0.024522,0.012914,-0.0061011,2.1802,0.043633,0.21865,-0.038526,-0.029124,0.076179,0.0070997,-0.0012986,1.177,0.022184,-0.038526,0.13405,-0.0063875,-0.002516,-0.0084572,-0.027753,-1.5985,-0.01692,-0.029124,-0.0063875,0.045933,-0.055321,0.004133,-0.00073423,9.9723,0.024522,0.076179,-0.002516,-0.055321,0.3821,-0.042941,-0.014261,-1.0198,0.012914,0.0070997,-0.0084572,0.004133,-0.042941,0.06829,-0.0020671,-0.77972,-0.0061011,-0.0012986,-0.027753,-0.00073423,-0.014261,-0.0020671,0.046158
263.34,0.54721,-0.6531,5.4179,-3.3124,8.6886,-3.0094,-0.55264,0.54721,0.055764,-0.016,-0.00030999,0.0067586,0.013005,-0.0265,0.013104,-0.6531,-0.016,0.15701,-0.052853,0.0094354,0.02594,0.018128,0.021232,5.4179,-0.00030999,-0.052853,0.31469,-0.15544,0.10961,-0.055321,-0.024151,-3.3124,0.0067586,0.0094354,-0.15544,0.13705,-0.088261,0.041014,0.027748,8.6886,0.013005,0.02594,0.10961,-0.088261,0.55614,-0.11747,-0.046803,-3.0094,-0.0265,0.018128,-0.055321,0.041014,-0.11747,0.10603,0.0029159,-0.55264,0.013104,0.021232,-0.024151,0.027748,-0.046803,0.0029159,0.064399
213.39,-0.95607,1.1024,3.6272,-2.3812,15.95,-3.0757,-0.34434,-0.95607,0.071608,-0.023827,-0.0074957,0.025115,-0.069077,0.010041,0.0049738,1.1024,-0.023827,0.33718,-0.089247,-0.03411,0.22395,0.02227,0.026502,3.6272,-0.0074957,-0.089247,0.17008,-0.046161,0.18065,-0.07628,-0.028725,-2.3812,0.025115,-0.03411,-0.046161,0.10488,-0.20407,0.040992,-0.010917,15.95,-0.069077,0.22395,0.18065,-0.20407,1.4292,-0.21888,0.0051682,-3.0757,0.010041,0.02227,-0.07628,0.040992,-0.21888,0.11488,0.02146,-0.34434,0.0049738,0.026502,-0.028725,-0.010917,0.0051682,0.02146,0.052979
485.52,3.2366,5.9821,2.0813,-0.40917,44.594,-3.4542,-1.0953,3.2366,0.095855,0.060666,-0.040361,-0.021432,0.27221,-0.024226,-0.024071,5.9821,0.060666,0.34091,-0.04022,0.012545,0.50719,0.033812,-0.015577,2.0813,-0.040361,-0.04022,0.16162,0.016329,0.20293,-0.017659,-0.012964,-0.40917,-0.021432,0.012545,0.016329,0.067698,-0.017494,0.019385,-0.0068898,44.594,0.27221,0.50719,0.20293,-0.017494,4.2393,-0.31596,-0.066712,-3.4542,-0.024226,0.033812,-0.017659,0.019385,-0.31596,0.11189,0.010305,-1.0953,-0.024071,-0.015577,-0.012964,-0.0068898,-0.066712,0.010305,0.05687
171.64,-0.61088,7.7237,-0.36147,-0.16937,11.223,-1.0556,0.80713,-0.61088,0.077195,0.11279,-0.0042301,-0.032231,-0.1308,0.0066714,0.0059544,7.7237,0.11279,1.1991,-0.17175,-0.06422,-0.129,-0.0044063,0.055674,-0.36147,-0.0042301,-0.17175,0.11777,-0.0033462,0.051076,0.00922,-0.036381,-0.16937,-0.032231,-0.06422,-0.0033462,0.18003,-0.020054,0.03193,-0.016992,11.223,-0.1308,-0.129,0.051076,-0.020054,1.3986,-0.15932,0.11069,-1.0556,0.0066714,-0.0044063,0.00922,0.03193,-0.15932,0.081312,-0.034292,0.80713,0.0059544,0.055674,-0.036381,-0.016992,0.11069,-0.034292,0.088107
193.89,-0.35805,-0.018491,4.2012,0.74598,17.28,-2.0686,0.62252,-0.35805,0.10421,0.0080482,-0.030366,-0.039647,-0.06082,-0.0088769,-0.004054,-0.018491,0.0080482,0.23353,-0.072637,-0.044475,-0.052878,-0.017259,0.031954,4.2012,-0.030366,-0.072637,0.24145,0.070067,0.37769,-0.076769,0.023962,0.74598,-0.039647,-0.044475,0.070067,0.081464,0.091065,-0.0020679,0.0093939,17.28,-0.06082,-0.052878,0.37769,0.091065,1.6272,-0.15094,0.047708,-2.0686,-0.0088769,-0.017259,-0.076769,-0.0020679,-0.15094,0.087373,-0.014337,0.62252,-0.004054,0.031954,0.023962,0.0093939,0.047708,-0.014337,0.083622
364.23,2.7302,-0.20107,0.44679,-0.33183,39.815,-1.9722,2.4974,2.7302,0.10307,-0.096324,-0.036183,-0.0077406,0.37824,-0.0077211,0.02285,-0.20107,-0.096324,0.44382,0.0021186,-0.098382,-0.27472,-0.0051512,-0.021836,0.44679,-0.036183,0.0021186,0.1194,0.013589,0.019657,-0.041472,-0.023333,-0.33183,-0.0077406,-0.098382,0.013589,0.10043,0.0030973,-0.0026369,0.0096283,39.815,0.37824,-0.27472,0.019657,0.0030973,4.8081,-0.17894,0.2788,-1.9722,-0.0077211,-0.0051512,-0.041472,-0.0026369,-0.17894,0.075921,0.0036024,2.4974,0.02285,-0.021836,-0.023333,0.0096283,0.2788,0.0036024,0.088091
172.05,0.30289,-0.36391,-0.61627,0.61276,18.551,-1.32,-1.3744,0.30289,0.062833,-0.0061584,0.010665,0.0011588,0.046669,-0.005933,-0.020934,-0.36391,-0.0061584,0.21905,-0.095121,-0.0056374,-0.058617,0.024062,-0.020751,-0.61627,0.010665,-0.095121,0.14525,0.029568,-0.051211,0.021822,-0.012916,0.61276,0.0011588,-0.0056374,0.029568,0.078707,0.092449,-0.011892,-0.024146,18.551,0.046669,-0.058617,-0.051211,0.092449,2.2258,-0.14177,-0.17499,-1.32,-0.005933,0.024062,0.021822,-0.011892,-0.14177,0.088007,0.0022091,-1.3744,-0.020934,-0.020751,-0.012916,-0.024146,-0.17499,0.0022091,0.091594
322.59,-0.4461,2.4282,0.31973,-0.56512,33.491,-0.79296,0.62501,-0.4461,0.062033,-0.0027537,0.0090052,3.0738e-05,-0.038557,-0.01421,-0.0053768,2.4282,-0.0027537,0.78712,-0.041332,0.10363,-0.26082,-0.17326,-0.21575,0.31973,0.0090052,-0.041332,0.048978,0.00091747,0.068063,-0.0022331,-0.0053477,-0.56512,3.0738e-05,0.10363,0.00091747,0.073758,-0.14999,-0.037129,-0.058513,33.491,-0.038557,-0.26082,0.068063,-0.14999,3.9627,0.068097,0.23518,-0.79296,-0.01421,-0.17326,-0.0022331,-0.037129,0.068097,0.10462,0.08219,0.62501,-0.0053768,-0.21575,-0.0053477,-0.058513,0.23518,0.08219,0.16576
331.62,-1.2889,4.6364,-1.4398,1.238,33.373,-3.9373,0.85102,-1.2889,0.0313,-0.034339,-0.0060756,-0.00085144,-0.14525,0.015229,-0.0059681,4.6364,-0.034339,0.42979,-0.18004,0.045924,0.61688,-0.084262,0.012902,-1.4398,-0.0060756,-0.18004,0.33096,-0.097423,-0.23418,0.096714,0.0086936,1.238,-0.00085144,0.045924,-0.097423,0.068365,0.14199,-0.043108,-0.0075097,33.373,-0.14525,0.61688,-0.23418,0.14199,3.5696,-0.41007,0.085575,-3.9373,0.015229,-0.084262,0.096714,-0.043108,-0.41007,0.12963,-0.017429,0.85102,-0.0059681,0.012902,0.0086936,-0.0075097,0.085575,-0.017429,0.049106
636.48,-1.6175,-7.685,5.2724,2.6713,40.156,-2.5423,-1.3201,-1.6175,0.050975,0.027293,0.0014533,-0.01369,-0.072286,0.0089531,0.027228,-7.685,0.027293,0.34099,-0.11857,-0.022261,-0.45093,0.027135,-4.8623e-05,5.2724,0.0014533,-0.11857,0.21048,0.028801,0.38123,-0.025599,0.021986,2.6713,-0.01369,-0.022261,0.028801,0.10465,0.17797,-0.050285,-0.027589,40.156,-0.072286,-0.45093,0.38123,0.17797,2.6779,-0.18303,-0.054698,-2.5423,0.0089531,0.027135,-0.025599,-0.050285,-0.18303,0.069601,0.023793,-1.3201,0.027228,-4.8623e-05,0.021986,-0.027589,-0.054698,0.023793,0.089981
522.42,2.3134,4.5715,5.3883,2.5246,26.237,-5.6484,1.9779,2.3134,0.080216,-0.056177,-0.038711,0.063033,0.063252,-0.033082,0.033862,4.5715,-0.056177,0.53533,0.22677,-0.1385,0.18701,-0.048243,-0.03776,5.3883,-0.038711,0.22677,0.22878,-0.055964,0.27654,-0.071191,-0.0090724,2.5246,0.063033,-0.1385,-0.055964,0.15966,0.025114,-0.047852,0.057577,26.237,0.063252,0.18701,0.27654,0.025114,1.9004,-0.19686,0.022542,-5.6484,-0.033082,-0.048243,-0.071191,-0.047852,-0.19686,0.12617,-0.024844,1.9779,0.033862,-0.03776,-0.0090724,0.057577,0.022542,-0.024844,0.078451
657.72,-1.9344,5.3321,-0.27858,3.1906,48.189,-0.87147,4.4341,-1.9344,0.077449,-0.0097611,-0.0033585,0.0060639,-0.12291,-0.010965,-0.012165,5.3321,-0.0097611,0.3464,-0.0029981,0.030024,0.21261,0.0045339,0.056293,-0.27858,-0.0033585,-0.0029981,0.11521,-0.011545,-0.049985,-0.0040258,0.028808,3.1906,0.0060639,0.030024,-0.011545,0.092204,0.22403,-0.0056291,0.0035426,48.189,-0.12291,0.21261,-0.049985,0.22403,3.7805,-0.047066,0.32326,-0.87147,-0.010965,0.0045339,-0.0040258,-0.0056291,-0.047066,0.067369,-0.007361,4.4341,-0.012165,0.056293,0.028808,0.0035426,0.32326,-0.007361,0.10692
510.96,-2.7529,4.4886,1.3279,-6.3204,38.655,-4.7446,0.37971,-2.7529,0.14448,0.018417,0.013146,0.081567,-0.21211,0.030625,-0.025349,4.4886,0.018417,0.33047,-0.081681,-0.049694,0.34248,-0.03491,0.043015,1.3279,0.013146,-0.081681,0.21886,-0.027328,0.030087,-0.019859,-0.039256,-6.3204,0.081567,-0.049694,-0.027328,0.1577,-0.47006,0.055396,-0.0064859,38.655,-0.21211,0.34248,0.030087,-0.47006,3.0842,-0.37167,0.031931,-4.7446,0.030625,-0.03491,-0.019859,0.055396,-0.37167,0.10674,-0.005908,0.37971,-0.025349,0.043015,-0.039256,-0.0064859,0.031931,-0.005908,0.066889
322.35,-4.1089,-2.5044,5.3927,3.029,27.244,-3.9719,2.6406,-4.1089,0.17311,0.055316,-0.15268,-0.048421,-0.34596,0.060889,-0.043912,-2.5044,0.055316,0.47275,-0.19817,-0.06652,-0.12208,0.078392,-0.0022221,5.3927,-0.15268,-0.19817,0.27062,0.062663,0.39439,-0.095103,0.044906,3.029,-0.048421,-0.06652,0.062663,0.12692,0.29313,-0.076134,0.034494,27.244,-0.34596,-0.12208,0.39439,0.29313,2.531,-0.35772,0.2562,-3.9719,0.060889,0.078392,-0.095103,-0.076134,-0.35772,0.13116,-0.055882,2.6406,-0.043912,-0.0022221,0.044906,0.034494,0.2562,-0.055882,0.089851
210.7,-0.32802,-0.059456,0.80036,0.32216,18.627,-1.5455,-0.60938,-0.32802,0.070354,0.00025327,-0.0003699,0.0050096,0.015367,-0.0034456,0.011689,-0.059456,0.00025327,0.21294,-0.047763,0.0063658,0.013002,0.02252,-0.0018567,0.80036,-0.0003699,-0.047763,0.13283,0.0083913,0.034414,-0.025123,0.031971,0.32216,0.0050096,0.0063658,0.0083913,0.078554,0.016243,-0.037737,0.016762,18.627,0.015367,0.013002,0.034414,0.016243,1.8299,-0.11202,-0.056333,-1.5455,-0.0034456,0.02252,-0.025123,-0.037737,-0.11202,0.074801,-0.015318,-0.60938,0.011689,-0.0018567,0.031971,0.016762,-0.056333,-0.015318,0.056941
308.27,2.2606,2.9267,-0.41048,1.5003,26.059,-0.8552,-0.34004,2.2606,0.14727,0.11539,-0.009079,0.039816,0.17288,-0.0017692,0.00061171,2.9267,0.11539,0.49408,-0.05843,0.076238,0.23567,0.0090527,-0.029441,-0.41048,-0.009079,-0.05843,0.089207,-0.0051538,-0.043814,0.015221,-0.0027581,1.5003,0.039816,0.076238,-0.0051538,0.065635,0.13526,-0.016873,0.0067168,26.059,0.17288,0.23567,-0.043814,0.13526,2.3725,-0.094278,0.0014438,-0.8552,-0.0017692,0.0090527,0.015221,-0.016873,-0.094278,0.066312,-0.026407,-0.34004,0.00061171,-0.029441,-0.0027581,0.0067168,0.0014438,-0.026407,0.075498
400.75,0.67832,-2.122,0.058679,2.0937,21.518,-2.9691,2.5165,0.67832,0.087418,-0.049063,0.064942,0.049141,0.038426,0.029088,0.012342,-2.122,-0.049063,0.33567,-0.046964,-0.027848,0.048872,0.040325,0.010062,0.058679,0.064942,-0.046964,0.25801,0.073282,0.015381,0.027299,-0.031898,2.0937,0.049141,-0.027848,0.073282,0.14375,0.10806,0.032835,0.012159,21.518,0.038426,0.048872,0.015381,0.10806,1.3884,-0.14557,0.20445,-2.9691,0.029088,0.040325,0.027299,0.032835,-0.14557,0.099596,-0.020118,2.5165,0.012342,0.010062,-0.031898,0.012159,0.20445,-0.020118,0.13173
304.1,-1.8922,-4.5599,4.3236,-0.20073,26.487,-1.8167,-0.7526,-1.8922,0.087807,0.017334,-0.012633,0.011183,-0.13655,0.015784,-0.022993,-4.5599,0.017334,0.88093,-0.28059,0.011282,-0.42759,-0.097082,0.10776,4.3236,-0.012633,-0.28059,0.27654,0.0011923,0.42929,-0.012684,-0.035752,-0.20073,0.011183,0.011282,0.0011923,0.059009,-0.020263,-0.005963,-0.035042,26.487,-0.13655,-0.42759,0.42929,-0.020263,2.454,-0.14967,-0.087994,-1.8167,0.015784,-0.097082,-0.012684,-0.005963,-0.14967,0.091194,-0.0081463,-0.7526,-0.022993,0.10776,-0.035752,-0.035042,-0.087994,-0.0081463,0.12318
415.61,-3.2523,2.8962,0.6606,-0.56741,58.634,-3.4682,-2.221,-3.2523,0.086442,-0.077936,-0.034673,0.027814,-0.46458,0.039156,0.033683,2.8962,-0.077936,0.46979,-0.020503,-0.084621,0.22972,-0.094394,-0.098004,0.6606,-0.034673,-0.020503,0.1208,-0.014151,0.16894,-0.008886,-0.026156,-0.56741,0.027814,-0.084621,-0.014151,0.08967,-0.047502,0.031287,0.020374,58.634,-0.46458,0.22972,0.16894,-0.047502,8.5363,-0.43734,-0.29977,-3.4682,0.039156,-0.094394,-0.008886,0.031287,-0.43734,0.087472,0.037032,-2.221,0.033683,-0.098004,-0.026156,0.020374,-0.29977,0.037032,0.071233
171.66,-0.62649,5.0357,-3.7448,2.364,22.29,-0.14321,-0.83506,-0.62649,0.073648,-0.055317,0.030437,0.0013539,-0.023936,-0.0064678,0.021627,5.0357,-0.055317,0.62583,-0.29687,0.053609,0.48901,-0.05719,-0.038792,-3.7448,0.030437,-0.29687,0.41772,-0.13602,-0.52899,-0.010591,0.065774,2.364,0.0013539,0.053609,-0.13602,0.15182,0.42345,0.05608,-0.056535,22.29,-0.023936,0.48901,-0.52899,0.42345,3.2632,0.073515,-0.11573,-0.14321,-0.0064678,-0.05719,-0.010591,0.05608,0.073515,0.13233,-0.048845,-0.83506,0.021627,-0.038792,0.065774,-0.056535,-0.11573,-0.048845,0.089113
242.88,0.19026,2.2457,2.6436,2.9766,20.576,-3.4686,-0.39532,0.19026,0.086436,-0.031006,0.062506,-0.015674,-0.056426,0.049258,-0.012314,2.2457,-0.031006,0.21488,-0.061968,0.046706,0.12433,-0.068655,-0.03189,2.6436,0.062506,-0.061968,0.25385,0.019975,0.24436,0.019788,-0.021542,2.9766,-0.015674,0.046706,0.019975,0.12047,0.25498,-0.063469,0.0038525,20.576,-0.056426,0.12433,0.24436,0.25498,2.0732,-0.30559,0.013804,-3.4686,0.049258,-0.068655,0.019788,-0.063469,-0.30559,0.13486,0.0026001,-0.39532,-0.012314,-0.03189,-0.021542,0.0038525,0.013804,0.0026001,0.049868
197.06,-0.99702,-6.1098,7.2516,1.6416,15.525,-1.834,2.3102,-0.99702,0.093302,0.13254,-0.068586,-0.02451,-0.10426,0.0068428,-0.013902,-6.1098,0.13254,1.3365,-0.86791,-0.17543,-0.50327,0.078472,-0.20841,7.2516,-0.068586,-0.86791,0.76972,0.12794,0.56636,-0.075738,0.15281,1.6416,-0.02451,-0.17543,0.12794,0.074186,0.14555,-0.031077,0.042251,15.525,-0.10426,-0.50327,0.56636,0.14555,1.4477,-0.12512,0.17764,-1.834,0.0068428,0.078472,-0.075738,-0.031077,-0.12512,0.060725,-0.036112,2.3102,-0.013902,-0.20841,0.15281,0.042251,0.17764,-0.036112,0.10412
222.1,-0.35687,-0.089941,1.9049,0.33827,11.531,1.421,-0.26774,-0.35687,0.050903,0.067832,-0.009027,0.0084725,-0.056041,-0.0085072,-0.00525,-0.089941,0.067832,0.49414,-0.038781,0.051128,-0.07093,0.015385,0.066339,1.9049,-0.009027,-0.038781,0.079713,-0.011605,0.082802,0.0043169,-0.0067706,0.33827,0.0084725,0.051128,-0.011605,0.077051,-0.026358,0.015637,-0.0013004,11.531,-0.056041,-0.07093,0.082802,-0.026358,0.81978,0.043783,-0.019905,1.421,-0.0085072,0.015385,0.0043169,0.015637,0.043783,0.10318,0.012753,-0.26774,-0.00525,0.066339,-0.0067706,-0.0013004,-0.019905,0.012753,0.060495
260.74,0.36445,2.1356,4.6639,-1.0967,12.824,-1.2661,-0.063287,0.36445,0.10138,0.073345,-0.0022847,-0.013672,-0.016176,-0.0070681,-0.0021284,2.1356,0.073345,0.522,-0.043587,-0.069781,-0.15788,-0.11122,-0.046905,4.6639,-0.0022847,-0.043587,0.32504,-0.047559,0.28187,0.018788,-0.071569,-1.0967,-0.013672,-0.069781,-0.047559,0.059763,-0.038313,0.0064975,0.014523,12.824,-0.016176,-0.15788,0.28187,-0.038313,0.86988,0.011145,0.021338,-1.2661,-0.0070681,-0.11122,0.018788,0.0064975,0.011145,0.10176,0.0013281,-0.063287,-0.0021284,-0.046905,-0.071569,0.014523,0.021338,0.0013281,0.091071
429.7,0.041938,-2.4102,3.3272,-0.057899,24.959,-0.0077074,-1.9218,0.041938,0.078248,0.098295,-0.014473,-0.028025,-0.032555,-0.011086,-0.00050814,-2.4102,0.098295,0.75795,-0.22307,0.064295,-0.36098,0.023574,0.049776,3.3272,-0.014473,-0.22307,0.23391,-0.028998,0.26119,-0.0078092,-0.047426,-0.057899,-0.028025,0.064295,-0.028998,0.080697,-0.032408,0.029692,0.012195,24.959,-0.032555,-0.36098,0.26119,-0.032408,1.7349,0.01643,-0.16962,-0.0077074,-0.011086,0.023574,-0.0078092,0.029692,0.01643,0.059053,-0.012859,-1.9218,-0.00050814,0.049776,-0.047426,0.012195,-0.16962,-0.012859,0.062738
232.79,0.68838,3.2724,3.5137,-0.41526,19.309,-0.67455,-0.16065,0.68838,0.059042,0.010808,-0.01003,0.0057802,0.068589,0.028599,-0.02618,3.2724,0.010808,0.40411,-0.048985,-0.0037299,0.1931,0.0022172,-0.091635,3.5137,-0.01003,-0.048985,0.20729,-0.020692,0.37236,0.013414,0.015698,-0.41526,0.0057802,-0.0037299,-0.020692,0.048533,-0.036232,0.0068332,-0.021951,19.309,0.068589,0.1931,0.37236,-0.036232,1.8391,-0.044021,0.093598,-0.67455,0.028599,0.0022172,0.013414,0.0068332,-0.044021,0.11616,-0.078236,-0.16065,-0.02618,-0.091635,0.015698,-0.021951,0.093598,-0.078236,0.19171
304.4,-1.3704,-0.43557,4.6042,-0.21425,20.77,-3.738,0.16473,-1.3704,0.075203,-0.059979,0.0059496,0.014242,-0.098933,0.022867,0.013146,-0.43557,-0.059979,0.43321,-0.12301,-0.0022784,0.092681,0.0074548,-0.0087515,4.6042,0.0059496,-0.12301,0.2762,-0.0052178,0.14359,-0.056744,-0.0022889,-0.21425,0.014242,-0.0022784,-0.0052178,0.047218,-0.020185,-0.0085667,-0.0055968,20.77,-0.098933,0.092681,0.14359,-0.020185,1.7053,-0.25596,0.024431,-3.738,0.022867,0.0074548,-0.056744,-0.0085667,-0.25596,0.084758,0.0047991,0.16473,0.013146,-0.0087515,-0.0022889,-0.0055968,0.024431,0.0047991,0.052567
380.61,-1.267,5.7748,2.4246,1.0069,35.939,-2.9271,0.24428,-1.267,0.12574,0.03388,0.13002,-0.064668,-0.16072,0.006812,0.11412,5.7748,0.03388,0.36378,0.024444,-0.071305,0.38299,-0.071826,0.061144,2.4246,0.13002,0.024444,0.38454,-0.078183,0.15801,-0.037292,0.20237,1.0069,-0.064668,-0.071305,-0.078183,0.16347,0.13011,0.071032,-0.076149,35.939,-0.16072,0.38299,0.15801,0.13011,3.618,-0.28746,-0.029762,-2.9271,0.006812,-0.071826,-0.037292,0.071032,-0.28746,0.14376,0.01155,0.24428,0.11412,0.061144,0.20237,-0.076149,-0.029762,0.01155,0.20814
295.03,-1.1612,-4.2579,3.6996,-2.3486,20.366,-2.4473,0.57165,-1.1612,0.055605,0.11647,-0.043225,0.020182,-0.035638,0.012391,-0.010657,-4.2579,0.11647,1.0299,-0.35474,0.17187,0.069064,0.0034929,-0.12026,3.6996,-0.043225,-0.35474,0.29381,-0.037208,0.091314,0.005377,0.06871,-2.3486,0.020182,0.17187,-0.037208,0.12482,-0.13066,-0.020668,-0.018505,20.366,-0.035638,0.069064,0.091314,-0.13066,1.6714,-0.18937,-0.021081,-2.4473,0.012391,0.0034929,0.005377,-0.020668,-0.18937,0.094919,0.0045081,0.57165,-0.010657,-0.12026,0.06871,-0.018505,-0.021081,0.0045081,0.062296
454.46,1.4065,-2.1767,1.417,2.21,30.725,-3.7527,-4.6325,1.4065,0.11561,-0.071913,-0.013344,0.061648,0.15258,-0.0018797,-0.067463,-2.1767,-0.071913,0.20698,-0.037284,-0.032979,-0.18013,0.032162,0.071865,1.417,-0.013344,-0.037284,0.099773,-0.0031861,0.08123,-0.0037279,-0.0067686,2.21,0.061648,-0.032979,-0.0031861,0.11303,0.19715,-0.0086696,-0.050032,30.725,0.15258,-0.18013,0.08123,0.19715,2.2403,-0.22748,-0.3199,-3.7527,-0.0018797,0.032162,-0.0037279,-0.0086696,-0.22748,0.099789,0.063392,-4.6325,-0.067463,0.071865,-0.0067686,-0.050032,-0.3199,0.063392,0.16574
380.83,1.3654,1.4506,0.41637,0.12769,39.215,-1.8046,-0.99621,1.3654,0.061451,0.055184,-0.03678,-0.0068084,0.13633,-0.0079823,-0.02273,1.4506,0.055184,0.91959,-0.13796,-0.1557,0.32995,0.038317,-0.11624,0.41637,-0.03678,-0.13796,0.11485,0.022685,0.041319,0.0060341,0.02385,0.12769,-0.0068084,-0.1557,0.022685,0.10757,0.027871,0.0024854,0.036649,39.215,0.13633,0.32995,0.041319,0.027871,4.2428,-0.14506,-0.10229,-1.8046,-0.0079823,0.038317,0.0060341,0.0024854,-0.14506,0.068072,0.0018196,-0.99621,-0.02273,-0.11624,0.02385,0.036649,-0.10229,0.0018196,0.071526
350.4,0.9402,-4.9915,2.3708,0.55289,37.965,-1.7093,0.29741,0.9402,0.052233,-0.0077727,0.017549,-0.0031466,0.12482,-0.0068842,0.00046749,-4.9915,-0.0077727,0.61557,-0.22669,-0.082025,-0.60111,-0.024032,0.029063,2.3708,0.017549,-0.22669,0.2401,0.052616,0.28457,0.066543,-0.012619,0.55289,-0.0031466,-0.082025,0.052616,0.06025,0.066376,-0.00093877,-0.020696,37.965,0.12482,-0.60111,0.28457,0.066376,4.2526,-0.21201,0.040886,-1.7093,-0.0068842,-0.024032,0.066543,-0.00093877,-0.21201,0.11822,0.010757,0.29741,0.00046749,0.029063,-0.012619,-0.020696,0.040886,0.010757,0.070169
608.71,-0.25042,-1.8303,9.496,-1.6118,56.88,-6.5352,-1.29,-0.25042,0.064809,0.068434,-0.068863,0.02136,-0.010541,0.015296,0.011223,-1.8303,0.068434,0.34436,-0.17193,0.027438,-0.18405,0.013024,0.0038677,9.496,-0.068863,-0.17193,0.37424,-0.038952,0.80476,-0.12813,-0.010225,-1.6118,0.02136,0.027438,-0.038952,0.048939,-0.14305,0.022986,0.010491,56.88,-0.010541,-0.18405,0.80476,-0.14305,5.4382,-0.6072,-0.12606,-6.5352,0.015296,0.013024,-0.12813,0.022986,-0.6072,0.16244,-0.005586,-1.29,0.011223,0.0038677,-0.010225,0.010491,-0.12606,-0.005586,0.074472
966.4,1.6594,-4.7276,10.911,-3.1684,79.486,-8.9449,-4.5738,1.6594,0.050804,0.028548,-0.011591,-0.018276,0.15869,-0.015245,-0.018272,-4.7276,0.028548,0.33942,-0.17735,-0.057912,-0.25444,0.045906,-0.014565,10.911,-0.011591,-0.17735,0.31259,0.0022686,0.79432,-0.12536,-0.050615,-3.1684,-0.018276,-0.057912,0.0022686,0.078055,-0.30025,0.020248,0.029213,79.486,0.15869,-0.25444,0.79432,-0.30025,6.7934,-0.69835,-0.42142,-8.9449,-0.015245,0.045906,-0.12536,0.020248,-0.69835,0.13847,0.038651,-4.5738,-0.018272,-0.014565,-0.050615,0.029213,-0.42142,0.038651,0.08668
425.02,0.25183,-10.184,6.4635,-0.23038,40.009,-1.0151,-1.3302,0.25183,0.059736,0.040865,0.016892,0.0047458,-0.0053696,-0.014895,-0.017074,-10.184,0.040865,0.47586,-0.13772,0.0017435,-0.91706,-0.0064439,0.011177,6.4635,0.016892,-0.13772,0.25076,0.018596,0.53385,-0.053653,-0.034738,-0.23038,0.0047458,0.0017435,0.018596,0.054487,-0.055506,-0.018219,0.025839,40.009,-0.0053696,-0.91706,0.53385,-0.055506,3.9368,-0.074457,-0.16285,-1.0151,-0.014895,-0.0064439,-0.053653,-0.018219,-0.074457,0.067857,-0.0030213,-1.3302,-0.017074,0.011177,-0.034738,0.025839,-0.16285,-0.0030213,0.097647
742.67,0.95601,7.9764,2.1813,0.37439,69.505,-3.689,-0.82113,0.95601,0.059723,-0.038504,0.027349,-0.023321,0.070023,-0.010135,-0.015749,7.9764,-0.038504,0.77027,-0.16128,0.12181,0.77787,-0.019518,0.0028559,2.1813,0.027349,-0.16128,0.14676,-0.048004,0.15868,-0.0041829,-0.01541,0.37439,-0.023321,0.12181,-0.048004,0.16201,0.058234,0.066584,-0.0092571,69.505,0.070023,0.77787,0.15868,0.058234,6.8165,-0.37341,-0.0063244,-3.689,-0.010135,-0.019518,-0.0041829,0.066584,-0.37341,0.09985,-0.011199,-0.82113,-0.015749,0.0028559,-0.01541,-0.0092571,-0.0063244,-0.011199,0.077179
763.53,0.94678,-8.1271,6.2985,0.00024085,89.968,-0.93783,-2.8171,0.94678,0.062197,0.039929,-0.024624,-0.0021672,0.099244,0.0055799,-0.026386,-8.1271,0.039929,0.33341,-0.1381,-0.012527,-1.0185,0.0079832,-0.022552,6.2985,-0.024624,-0.1381,0.14194,-0.0022831,0.72122,-0.025916,-0.0047428,0.00024085,-0.0021672,-0.012527,-0.0022831,0.055303,0.0058595,-0.0049975,0.018537,89.968,0.099244,-1.0185,0.72122,0.0058595,10.751,-0.09279,-0.33708,-0.93783,0.0055799,0.0079832,-0.025916,-0.0049975,-0.09279,0.078413,-0.0074251,-2.8171,-0.026386,-0.022552,-0.0047428,0.018537,-0.33708,-0.0074251,0.086511
582.76,-0.7157,-0.55596,8.0659,0.92205,79.8,-1.4516,1.6209,-0.7157,0.054284,0.024156,-0.019623,-0.0027545,-0.10734,0.014244,-0.0040691,-0.55596,0.024156,0.27216,-0.088373,0.011767,-0.075541,0.040892,0.02801,8.0659,-0.019623,-0.088373,0.27798,-0.0065443,1.1056,-0.068253,0.025694,0.92205,-0.0027545,0.011767,-0.0065443,0.04508,0.11522,0.0086351,-0.0047504,79.8,-0.10734,-0.075541,1.1056,0.11522,11.048,-0.19509,0.24472,-1.4516,0.014244,0.040892,-0.068253,0.0086351,-0.19509,0.073157,-0.01185,1.6209,-0.0040691,0.02801,0.025694,-0.0047504,0.24472,-0.01185,0.055039
307.1,-1.0439,1.2596,6.0368,0.50845,40.708,-2.9143,0.71752,-1.0439,0.11316,0.040769,-0.019238,0.042859,-0.16636,0.0031666,-0.0049815,1.2596,0.040769,0.1813,0.0047656,0.016938,0.058431,-0.017812,0.0055559,6.0368,-0.019238,0.0047656,0.28546,-0.010676,0.7739,-0.048711,-0.0020128,0.50845,0.042859,0.016938,-0.010676,0.074828,0.059238,0.00077241,0.0062885,40.708,-0.16636,0.058431,0.7739,0.059238,5.5706,-0.3818,0.073555,-2.9143,0.0031666,-0.017812,-0.048711,0.00077241,-0.3818,0.071898,-0.0038638,0.71752,-0.0049815,0.0055559,-0.0020128,0.0062885,0.073555,-0.0038638,0.036766
313.77,-0.032342,-4.7429,3.8913,0.80752,37.621,-2.4986,-0.091941,-0.032342,0.054575,0.024969,-0.012776,0.0060907,0.019594,-0.010686,-0.020036,-4.7429,0.024969,0.28992,-0.18308,-0.030008,-0.62374,0.022309,0.00070782,3.8913,-0.012776,-0.18308,0.25987,0.051155,0.47112,-0.051245,-0.006123,0.80752,0.0060907,-0.030008,0.051155,0.084967,0.051895,-0.017697,0.035737,37.621,0.019594,-0.62374,0.47112,0.051895,4.795,-0.2612,-0.076707,-2.4986,-0.010686,0.022309,-0.051245,-0.017697,-0.2612,0.08936,0.0012826,-0.091941,-0.020036,0.00070782,-0.006123,0.035737,-0.076707,0.0012826,0.081383
817.6,-0.91465,-0.2014,7.1809,-6.9246,74.926,-3.7961,1.3522,-0.91465,0.10092,0.016345,-0.0116,-0.039813,-0.16796,0.0074316,0.015589,-0.2014,0.016345,0.21518,-0.087356,-0.029227,-0.05081,0.0076101,-0.0089124,7.1809,-0.0116,-0.087356,0.27237,-0.015877,0.68836,-0.034293,0.020057,-6.9246,-0.039813,-0.029227,-0.015877,0.1614,-0.53545,0.018036,-0.02077,74.926,-0.16796,-0.05081,0.68836,-0.53545,7.2715,-0.35749,0.091498,-3.7961,0.0074316,0.0076101,-0.034293,0.018036,-0.35749,0.068873,-0.011589,1.3522,0.015589,-0.0089124,0.020057,-0.02077,0.091498,-0.011589,0.051216
311.33,-0.65244,-0.84657,0.36411,0.1171,37.158,-3.1799,1.5302,-0.65244,0.04662,-0.00032107,0.015515,0.010958,-0.078231,0.013355,0.0012713,-0.84657,-0.00032107,0.29168,-0.12591,-0.03561,-0.17657,0.016426,0.00044231,0.36411,0.015515,-0.12591,0.24736,0.014143,-0.023174,0.0076324,0.049921,0.1171,0.010958,-0.03561,0.014143,0.040732,0.024475,-0.00058424,0.002304,37.158,-0.078231,-0.17657,-0.023174,0.024475,4.6039,-0.3661,0.14996,-3.1799,0.013355,0.016426,0.0076324,-0.00058424,-0.3661,0.092936,-0.032045,1.5302,0.0012713,0.00044231,0.049921,0.002304,0.14996,-0.032045,0.091046
509.61,-0.017971,0.68344,2.7409,2.1778,72.659,-3.4898,0.60015,-0.017971,0.074038,-0.0051168,0.015592,-0.0071805,-0.011662,-0.00052094,-0.010656,0.68344,-0.0051168,0.20445,-0.041178,0.0048005,0.074727,-0.010402,0.025867,2.7409,0.015592,-0.041178,0.096207,-0.0080216,0.39851,-0.019848,-0.0059179,2.1778,-0.0071805,0.0048005,-0.0080216,0.081468,0.32261,-0.031567,-0.012145,72.659,-0.011662,0.074727,0.39851,0.32261,10.506,-0.54677,0.04731,-3.4898,-0.00052094,-0.010402,-0.019848,-0.031567,-0.54677,0.087607,0.015286,0.60015,-0.010656,0.025867,-0.0059179,-0.012145,0.04731,0.015286,0.08272
287.57,-2.183,0.94014,5.1606,-0.87742,42.315,-1.9205,0.97015,-2.183,0.1733,-0.023145,-0.11016,0.092441,-0.26469,0.011585,-0.017307,0.94014,-0.023145,0.21922,-0.066731,-0.013653,0.057013,-0.0023754,-0.029927,5.1606,-0.11016,-0.066731,0.26601,-0.074075,0.75674,-0.017371,0.043685,-0.87742,0.092441,-0.013653,-0.074075,0.15053,-0.024499,-0.016359,-0.017383,42.315,-0.26469,0.057013,0.75674,-0.024499,6.4467,-0.30241,0.16418,-1.9205,0.011585,-0.0023754,-0.017371,-0.016359,-0.30241,0.054759,0.0044417,0.97015,-0.017307,-0.029927,0.043685,-0.017383,0.16418,0.0044417,0.057375
