"V1","V2","V3","V4","V5","V6","V7","V8","V9","V10"
1,-0.0194411529946942,0.303458868953892,0.569332879470332,0.521427529088705,-0.255676996018662,-0.27284590471227,0.262478021803437,-0.156257782852367,-0.463883540510021
-0.0194411529946942,1,-0.164012677546981,-0.213546288766735,0.181766753876772,-0.0127509088714126,0.0510025268532312,-0.146202197713209,-0.437529787653732,-0.250466197831283
0.303458868953892,-0.164012677546981,1,0.36924153277225,0.437548770763001,-0.432042635600731,0.353063114010205,-0.20521373432194,0.256308796521231,-0.211092180839602
0.569332879470332,-0.213546288766735,0.36924153277225,1,0.503768432377723,-0.254190058433887,-0.479200742457615,0.49887055467963,0.0272713758779928,-0.42475289576288
0.521427529088705,0.181766753876772,0.437548770763001,0.503768432377723,1,-0.408666577958224,-0.0897315175960879,0.0583237013968268,-0.400602443693984,-0.713333931018219
-0.255676996018662,-0.0127509088714126,-0.432042635600731,-0.254190058433887,-0.408666577958224,1,-0.149736610963033,0.102330528584689,0.0355364951900157,0.295369101622248
-0.27284590471227,0.0510025268532312,0.353063114010205,-0.479200742457616,-0.0897315175960879,-0.149736610963033,1,-0.668898360583453,0.215834929287816,0.221975851867401
0.262478021803437,-0.146202197713209,-0.20521373432194,0.49887055467963,0.0583237013968268,0.102330528584689,-0.668898360583453,1,-0.0477357189271245,-0.137620297341466
-0.156257782852367,-0.437529787653732,0.256308796521231,0.0272713758779928,-0.400602443693984,0.0355364951900157,0.215834929287816,-0.0477357189271245,1,0.519906235311527
-0.463883540510021,-0.250466197831283,-0.211092180839602,-0.42475289576288,-0.713333931018219,0.295369101622248,0.221975851867401,-0.137620297341466,0.519906235311527,1
