,Culex_pipiens_sl,Culex_modestus,Culiseta_annulata,Anopheles_maculipennis_sl,waterboatmen__Corixidae,diving_beetles__Dysticidae,damselflies__Zygoptera,swimming_beetles__Haliplidae,opossum_shrimps__Mysidae,ditch_shrimp__Gammarus,beetle_larvae__Coleoptera,dragonflies__Anisoptera,mayflies__Ephemeroptera,newts__Pleurodelinae,fish,saucer_bugs__Ilyocoris,,,,
Culex_pipiens_sl,1,0.596976117,0.739096188,0.402652877,0.006737591,-0.073060173,0.261982189,-0.047411684,-0.047741411,-0.143056854,0.540427624,-0.282653338,-0.250467127,-0.238234153,-0.332522837,-0.327995962,,,,
Culex_modestus,0.596976117,1,0.630454286,0.612500807,0.121359306,0.106170596,0.298054125,-0.118746176,-0.251837257,-0.107689032,0.384435764,-0.10581189,0.280338234,0.130146941,-0.148831111,-0.260873656,,,,Ovaskainen 2010 (Mathematica)
Culiseta_annulata,0.739096188,0.630454286,1,0.506712486,0.055471518,-0.145113598,0.283085942,-0.08699194,-0.248462074,-0.284394839,0.673255339,-0.270950281,-0.062288841,0.117107738,-0.086189597,-0.356170881,,,,
Anopheles_maculipennis_sl,0.402652877,0.612500807,0.506712486,1,0.224587182,0.277203336,0.405065509,-0.264763188,-0.30013431,0.129251944,0.311540383,-0.036179976,0.271950278,0.096728716,-0.153426149,-0.125832029,,,,
waterboatmen__Corixidae,0.006737591,0.121359306,0.055471518,0.224587182,1,0.019372794,0.118964642,0.131875262,-0.07833444,-0.145899101,-0.088165193,0.286360773,0.212190531,0.111540716,-0.207198663,0.076687739,,,,
diving_beetles__Dysticidae,-0.073060173,0.106170596,-0.145113598,0.277203336,0.019372794,1,0.212159592,-0.298443494,0.153536349,0.311505796,0.200792434,0.055680846,0.29449373,-0.217245647,-0.178035005,-0.29337395,,,,
damselflies__Zygoptera,0.261982189,0.298054125,0.283085942,0.405065509,0.118964642,0.212159592,1,0.096552813,-0.122209684,0.234001903,0.284856347,0.013723375,0.197394938,-0.079533102,0.131581593,-0.064943336,,,,
swimming_beetles__Haliplidae,-0.047411684,-0.118746176,-0.08699194,-0.264763188,0.131875262,-0.298443494,0.096552813,1,0.136088886,0.336706735,-0.215338548,-0.073541151,-0.259639161,-0.247193648,-0.060529915,0.511133464,,,,
opossum_shrimps__Mysidae,-0.047741411,-0.251837257,-0.248462074,-0.30013431,-0.07833444,0.153536349,-0.122209684,0.136088886,1,0.188374822,-0.072053309,0.027880478,-0.079129191,-0.504245925,-0.453264912,-0.188528341,,,,
ditch_shrimp__Gammarus,-0.143056854,-0.107689032,-0.284394839,0.129251944,-0.145899101,0.311505796,0.234001903,0.336706735,0.188374822,1,-0.052538555,-0.219971239,-0.128542983,-0.477003719,-0.133768231,0.133322397,,,,
beetle_larvae__Coleoptera,0.540427624,0.384435764,0.673255339,0.311540383,-0.088165193,0.200792434,0.284856347,-0.215338548,-0.072053309,-0.052538555,1,-0.465808758,-0.112131569,-0.175587944,-0.255822334,-0.599654603,,,,
dragonflies__Anisoptera,-0.282653338,-0.10581189,-0.270950281,-0.036179976,0.286360773,0.055680846,0.013723375,-0.073541151,0.027880478,-0.219971239,-0.465808758,1,0.392183972,0.223044916,0.439250662,0.235484342,,,,
mayflies__Ephemeroptera,-0.250467127,0.280338234,-0.062288841,0.271950278,0.212190531,0.29449373,0.197394938,-0.259639161,-0.079129191,-0.128542983,-0.112131569,0.392183972,1,0.327959631,0.235414768,0.03173832,,,,
newts__Pleurodelinae,-0.238234153,0.130146941,0.117107738,0.096728716,0.111540716,-0.217245647,-0.079533102,-0.247193648,-0.504245925,-0.477003719,-0.175587944,0.223044916,0.327959631,1,0.485580934,0.107706457,,,,
fish,-0.332522837,-0.148831111,-0.086189597,-0.153426149,-0.207198663,-0.178035005,0.131581593,-0.060529915,-0.453264912,-0.133768231,-0.255822334,0.439250662,0.235414768,0.485580934,1,0.26440404,,,,
saucer_bugs__Ilyocoris,-0.327995962,-0.260873656,-0.356170881,-0.125832029,0.076687739,-0.29337395,-0.064943336,0.511133464,-0.188528341,0.133322397,-0.599654603,0.235484342,0.03173832,0.107706457,0.26440404,1,,,,
,,,,,,,,,,,,,,,,,,,,
,,,,,,,,,,,,,,,,,,,,
,,,,,,,,,,,,,,,,,,,,
,Culex_pipiens_sl,Culex_modestus,Culiseta_annulata,Anopheles_maculipennis_sl,waterboatmen__Corixidae,diving_beetles__Dysticidae,damselflies__Zygoptera,swimming_beetles__Haliplidae,opossum_shrimps__Mysidae,ditch_shrimp__Gammarus,beetle_larvae__Coleoptera,dragonflies__Anisoptera,mayflies__Ephemeroptera,newts__Pleurodelinae,fish,saucer_bugs__Ilyocoris,,,,
Culex_pipiens_sl,1,0.562602243,0.231668257,0.43680139,0.18619185,0.171118008,0.500298987,0.182343491,0.035324718,0.213881105,0.437970236,0.110250084,0.270471216,0.268143721,0.030802028,0.254282368,,,,
Culex_modestus,0.562602243,1,0.374969807,0.663436057,0.33066443,0.280477266,0.698763589,0.300098953,0.022478434,0.348232,0.685239998,0.201387919,0.440709344,0.462708535,0.063940285,0.433968908,,,,
Culiseta_annulata,0.231668257,0.374969807,1,0.303516255,0.112154575,0.100593645,0.328078285,0.103401377,0.103431066,0.144122664,0.281786403,0.056928304,0.158233576,0.135113479,0.065615338,0.15475099,,,,
Anopheles_maculipennis_sl,0.43680139,0.663436057,0.303516255,1,0.278389434,0.23190167,0.589773256,0.24391418,0.011652755,0.288380864,0.609639457,0.163036745,0.372363258,0.383901416,0.049784863,0.396933679,,,,Ovaskainen 2016 (Matlab)
waterboatmen__Corixidae,0.18619185,0.33066443,0.112154575,0.278389434,1,0.101147927,0.286203591,0.107346207,0.042076786,0.140495743,0.269272422,0.061413051,0.169014266,0.150921261,0.020838161,0.159029291,,,,
diving_beetles__Dysticidae,0.171118008,0.280477266,0.100593645,0.23190167,0.101147927,1,0.251047661,0.089867871,0.089480872,0.141420089,0.229699022,0.046793534,0.140810153,0.121959244,0.021985307,0.12238288,,,,
damselflies__Zygoptera,0.500298987,0.698763589,0.328078285,0.589773256,0.286203591,0.251047661,1,0.273542829,0.02688403,0.324967143,0.592327521,0.174113113,0.382341994,0.394784151,0.052843381,0.373281979,,,,
swimming_beetles__Haliplidae,0.182343491,0.300098953,0.103401377,0.24391418,0.107346207,0.089867871,0.273542829,1,0.093403955,0.161626662,0.253505984,0.052408935,0.148259087,0.129881293,0.017946025,0.139066153,,,,
opossum_shrimps__Mysidae,0.035324718,0.022478434,0.103431066,0.011652755,0.042076786,0.089480872,0.02688403,0.093403955,1,0.675783305,0.025900758,0.089948948,0.04946279,0.04629571,0.128001449,0.02391748,,,,
ditch_shrimp__Gammarus,0.213881105,0.348232,0.144122664,0.288380864,0.140495743,0.141420089,0.324967143,0.161626662,0.675783305,1,0.295270982,0.075256757,0.182163019,0.165026905,0.020327695,0.161054411,,,,
beetle_larvae__Coleoptera,0.437970236,0.685239998,0.281786403,0.609639457,0.269272422,0.229699022,0.592327521,0.253505984,0.025900758,0.295270982,1,0.14892748,0.348811714,0.382652978,0.042734092,0.344322697,,,,
dragonflies__Anisoptera,0.110250084,0.201387919,0.056928304,0.163036745,0.061413051,0.046793534,0.174113113,0.052408935,0.089948948,0.075256757,0.14892748,1,0.088338833,0.073024986,0.08532989,0.081294641,,,,
mayflies__Ephemeroptera,0.270471216,0.440709344,0.158233576,0.372363258,0.169014266,0.140810153,0.382341994,0.148259087,0.04946279,0.182163019,0.348811714,0.088338833,1,0.218561341,0.026292242,0.218627585,,,,
newts__Pleurodelinae,0.268143721,0.462708535,0.135113479,0.383901416,0.150921261,0.121959244,0.394784151,0.129881293,0.04629571,0.165026905,0.382652978,0.073024986,0.218561341,1,0.044501684,0.207128062,,,,
fish,0.030802028,0.063940285,0.065615338,0.049784863,0.020838161,0.021985307,0.052843381,0.017946025,0.128001449,0.020327695,0.042734092,0.08532989,0.026292242,0.044501684,1,0.024306042,,,,
saucer_bugs__Ilyocoris,0.254282368,0.433968908,0.15475099,0.396933679,0.159029291,0.12238288,0.373281979,0.139066153,0.02391748,0.161054411,0.344322697,0.081294641,0.218627585,0.207128062,0.024306042,1,,,,
,,,,,,,,,,,,,,,,,,,,
,,,,,,,,,,,,,,,,,,,,
,,,,,,,,,,,,,,,,,,,,
,Culex_pipiens_sl,Culex_modestus,Culiseta_annulata,Anopheles_maculipennis_sl,waterboatmen__Corixidae,diving_beetles__Dysticidae,damselflies__Zygoptera,swimming_beetles__Haliplidae,opossum_shrimps__Mysidae,ditch_shrimp__Gammarus,beetle_larvae__Coleoptera,dragonflies__Anisoptera,mayflies__Ephemeroptera,newts__Pleurodelinae,fish,saucer_bugs__Ilyocoris,,,,
Culex_pipiens_sl,1,0.461414888,0.238974654,0.104518768,-0.108904894,-0.065496418,0.394663574,-0.059842025,0.025740286,0.034314322,0.299643942,-0.20396852,-0.020551941,0.036169279,-0.250221732,-0.085329377,,,,
Culex_modestus,0.461414888,1,0.250602359,0.444450321,0.215954644,0.144188557,0.523256814,0.082456043,-0.239136031,0.108082929,0.452471451,-0.141422228,0.3184562,0.247848877,-0.162097315,0.259432658,,,,
Culiseta_annulata,0.238974654,0.250602359,1,0.095930408,0.008362834,0.130312437,0.104836341,-0.084938851,0.020862411,-0.029585119,0.121618944,-0.169513231,0.108454785,0.035431856,-0.054839889,-0.024767667,,,,
Anopheles_maculipennis_sl,0.104518768,0.444450321,0.095930408,1,0.251126944,0.075589897,0.396072727,-0.005800878,-0.573075209,0.054036055,0.469209607,-0.035744342,0.227413108,0.204455363,-0.165610986,0.430413866,,,,
waterboatmen__Corixidae,-0.108904894,0.215954644,0.008362834,0.251126944,1,0.183279912,0.245108707,0.177705279,-0.058172474,0.098478513,0.037702567,0.16380168,0.193222894,-0.005385389,0.070767479,0.265607354,,,,Pollock
diving_beetles__Dysticidae,-0.065496418,0.144188557,0.130312437,0.075589897,0.183279912,1,0.223899097,0.274448061,0.278957495,0.40099496,0.132686504,-0.415817605,0.34193406,0.149110661,0.035538155,-0.072924384,,,,
damselflies__Zygoptera,0.394663574,0.523256814,0.104836341,0.396072727,0.245108707,0.223899097,1,0.252871157,-0.131454009,0.289399658,0.349614547,-0.097182479,0.268327816,0.130050286,-0.346106169,0.148931711,,,,
swimming_beetles__Haliplidae,-0.059842025,0.082456043,-0.084938851,-0.005800878,0.177705279,0.274448061,0.252871157,1,0.001926715,0.505112727,0.123721596,-0.021943552,0.112050043,0.083585658,-0.216567644,0.215226878,,,,
opossum_shrimps__Mysidae,0.025740286,-0.239136031,0.020862411,-0.573075209,-0.058172474,0.278957495,-0.131454009,0.001926715,1,0.230788548,-0.29481881,-0.136082836,-0.030668687,-0.166760178,-0.008725857,-0.487683787,,,,
ditch_shrimp__Gammarus,0.034314322,0.108082929,-0.029585119,0.054036055,0.098478513,0.40099496,0.289399658,0.505112727,0.230788548,1,0.187487442,-0.181099489,0.054197529,0.112382103,-0.204743333,-0.00398079,,,,
beetle_larvae__Coleoptera,0.299643942,0.452471451,0.121618944,0.469209607,0.037702567,0.132686504,0.349614547,0.123721596,-0.29481881,0.187487442,1,-0.272520371,0.1343429,0.408095858,-0.212969743,0.089434506,,,,
dragonflies__Anisoptera,-0.20396852,-0.141422228,-0.169513231,-0.035744342,0.16380168,-0.415817605,-0.097182479,-0.021943552,-0.136082836,-0.181099489,-0.272520371,1,-0.081616586,-0.232418005,-0.02738662,0.201471303,,,,
mayflies__Ephemeroptera,-0.020551941,0.3184562,0.108454785,0.227413108,0.193222894,0.34193406,0.268327816,0.112050043,-0.030668687,0.054197529,0.1343429,-0.081616586,1,0.049281273,-0.053020333,0.137540894,,,,
newts__Pleurodelinae,0.036169279,0.247848877,0.035431856,0.204455363,-0.005385389,0.149110661,0.130050286,0.083585658,-0.166760178,0.112382103,0.408095858,-0.232418005,0.049281273,1,0.039390914,0.061284829,,,,
fish,-0.250221732,-0.162097315,-0.054839889,-0.165610986,0.070767479,0.035538155,-0.346106169,-0.216567644,-0.008725857,-0.204743333,-0.212969743,-0.02738662,-0.053020333,0.039390914,1,0.014569532,,,,
saucer_bugs__Ilyocoris,-0.085329377,0.259432658,-0.024767667,0.430413866,0.265607354,-0.072924384,0.148931711,0.215226878,-0.487683787,-0.00398079,0.089434506,0.201471303,0.137540894,0.061284829,0.014569532,1,,,,
