2.5444,0.40004,-1.8359,-17.57,0.40004,0.12726,-0.31612,-3.1609,-1.8359,-0.31612,1.8087,14.899,-17.57,-3.1609,14.899,138.13
4.616,-0.50035,-2.064,-51.814,-0.50035,0.22485,0.18467,4.8574,-2.064,0.18467,1.1941,24.785,-51.814,4.8574,24.785,600.98
1.8992,0.051473,-0.29819,-6.381,0.051473,0.15546,-0.36515,-2.5081,-0.29819,-0.36515,2.0088,10.349,-6.381,-2.5081,10.349,75.474
0.40868,0.139,-0.63659,-2.2294,0.139,0.17838,-0.36297,-1.3443,-0.63659,-0.36297,2.9575,9.4288,-2.2294,-1.3443,9.4288,46.62
0.47541,0.09986,-1.1644,-3.8867,0.09986,0.30653,-0.88522,-2.2356,-1.1644,-0.88522,7.0467,18.787,-3.8867,-2.2356,18.787,56.835
3.6217,-0.6714,-4.6322,-19.047,-0.6714,0.24595,1.0182,3.9923,-4.6322,1.0182,6.5753,26.125,-19.047,3.9923,26.125,106.87
0.84576,-0.027494,-0.46063,-4.3524,-0.027494,0.13639,0.10444,0.45088,-0.46063,0.10444,1.2762,4.7031,-4.3524,0.45088,4.7031,31.34
2.3438,-0.26492,0.41545,-11.622,-0.26492,0.1646,-0.10432,0.42435,0.41545,-0.10432,2.0195,6.6121,-11.622,0.42435,6.6121,115.29
1.0724,-0.090558,-0.6304,-7.9538,-0.090558,0.35087,0.016171,0.36559,-0.6304,0.016171,1.6609,14.119,-7.9538,0.36559,14.119,137.65
2.3047,-0.19134,-0.84221,-16.046,-0.19134,0.10716,0.039276,1.1528,-0.84221,0.039276,0.8821,10.682,-16.046,1.1528,10.682,162.8
1.3228,-0.16593,-1.4469,-6.6159,-0.16593,0.17745,0.25601,0.96849,-1.4469,0.25601,2.3416,9.5617,-6.6159,0.96849,9.5617,42.941
1.876,-0.18123,-2.5786,-9.453,-0.18123,0.099198,0.24993,0.57161,-2.5786,0.24993,4.9715,15.965,-9.453,0.57161,15.965,59.211
0.27109,-0.033354,-0.46263,-2.1764,-0.033354,0.11877,0.017971,0.26077,-0.46263,0.017971,2.0531,9.0468,-2.1764,0.26077,9.0468,41.694
0.72426,0.1793,-0.99079,-3.3569,0.1793,0.1245,-0.29248,-1.1201,-0.99079,-0.29248,2.6714,7.695,-3.3569,-1.1201,7.695,24.223
1.8232,0.072619,-1.3302,-5.6776,0.072619,0.17146,0.17305,0.35249,-1.3302,0.17305,4.5307,11.946,-5.6776,0.35249,11.946,35.701
1.4783,0.018044,-1.1178,-5.3216,0.018044,0.075737,-0.12429,-0.67452,-1.1178,-0.12429,1.5906,7.1461,-5.3216,-0.67452,7.1461,41.555
1.5282,0.18908,-1.1138,-6.0916,0.18908,0.23919,-0.4449,-2.996,-1.1138,-0.4449,2.5213,12.3,-6.0916,-2.996,12.3,70.539
3.2613,-0.13524,-5.7798,-27.089,-0.13524,0.22255,0.020463,0.53654,-5.7798,0.020463,11.252,49.937,-27.089,0.53654,49.937,237.81
0.79693,-0.020794,-0.71441,-5.5319,-0.020794,0.1136,-0.14973,-1.0943,-0.71441,-0.14973,3.1444,17.422,-5.5319,-1.0943,17.422,122.02
0.7985,-0.099806,-0.95563,-5.5911,-0.099806,0.30049,-0.62058,-1.6466,-0.95563,-0.62058,5.8643,22.424,-5.5911,-1.6466,22.424,93.466
1.6125,0.35322,-3.9064,-15.648,0.35322,0.19643,-0.96322,-3.8206,-3.9064,-0.96322,11.844,43.999,-15.648,-3.8206,43.999,170.09
2.1395,-0.066114,-3.356,-13.093,-0.066114,0.26164,0.45625,0.52074,-3.356,0.45625,7.7608,25.471,-13.093,0.52074,25.471,94.679
2.1091,0.028337,-2.1468,-13.614,0.028337,0.11967,0.02391,-0.25267,-2.1468,0.02391,3.0711,16.46,-13.614,-0.25267,16.46,97.815
2.2642,-0.18161,-0.026395,-14.117,-0.18161,0.17735,0.28757,1.8739,-0.026395,0.28757,2.0059,5.6889,-14.117,1.8739,5.6889,108.75
0.8052,0.071124,0.11761,-5.628,0.071124,0.11111,0.040826,-0.32789,0.11761,0.040826,0.73116,3.2294,-5.628,-0.32789,3.2294,70.152
2.6796,-0.42329,-1.6719,-11.894,-0.42329,0.17349,0.22668,1.7348,-1.6719,0.22668,2.2132,12.801,-11.894,1.7348,12.801,86.118
2.7369,-0.2272,-0.20014,-7.9228,-0.2272,0.078723,-0.044733,0.48813,-0.20014,-0.044733,1.4717,4.5649,-7.9228,0.48813,4.5649,37.108
3.3643,-1.2828,-2.5184,-9.9076,-1.2828,0.72305,1.314,4.6168,-2.5184,1.314,2.7609,10.712,-9.9076,4.6168,10.712,47.943
2.7201,0.32611,-0.83848,-14.97,0.32611,0.23123,-0.07493,-2.2348,-0.83848,-0.07493,1.9266,6.2404,-14.97,-2.2348,6.2404,90.776
0.41585,0.013634,0.0066286,-0.56152,0.013634,0.12824,0.12873,-0.55329,0.0066286,0.12873,1.4742,8.1345,-0.56152,-0.55329,8.1345,81.329
2.8631,-0.24653,-1.576,-16.673,-0.24653,0.21328,0.0097421,1.113,-1.576,0.0097421,1.6979,13.563,-16.673,1.113,13.563,124.21
3.4742,-0.94443,-1.4288,-12.778,-0.94443,0.36948,0.177,2.6061,-1.4288,0.177,1.5661,8.7689,-12.778,2.6061,8.7689,61.6
1.2913,-0.052026,-0.29647,-11.052,-0.052026,0.14218,0.074854,0.6214,-0.29647,0.074854,0.48159,2.2964,-11.052,0.6214,2.2964,102.43
1.3441,-0.17696,-0.072208,-6.4751,-0.17696,0.33214,0.24598,3.914,-0.072208,0.24598,0.78253,7.7617,-6.4751,3.914,7.7617,121.83
1.4892,-0.022496,-1.5783,-13.372,-0.022496,0.099853,0.13058,0.52757,-1.5783,0.13058,3.4227,22.53,-13.372,0.52757,22.53,166.04
2.159,-0.46271,-0.9968,-12.303,-0.46271,0.21878,0.1269,2.4435,-0.9968,0.1269,1.2132,9.232,-12.303,2.4435,9.232,93.103
0.8599,-0.23349,0.15018,-6.4024,-0.23349,0.34666,-0.020494,2.4736,0.15018,-0.020494,0.16281,-1.137,-6.4024,2.4736,-1.137,69.261
0.73267,-0.016832,0.031501,-3.258,-0.016832,0.3323,0.014301,-1.2219,0.031501,0.014301,0.55443,3.271,-3.258,-1.2219,3.271,57.303
6.5645,-0.05209,-2.8493,-32.774,-0.05209,0.11014,0.058167,0.72048,-2.8493,0.058167,1.3529,15.038,-32.774,0.72048,15.038,174.08
2.0321,-0.079901,-1.2642,-9.9984,-0.079901,0.24152,0.21451,-0.49147,-1.2642,0.21451,1.0982,5.8213,-9.9984,-0.49147,5.8213,59.114
1.7669,-0.36239,-2.0663,-9.5569,-0.36239,0.18957,0.50855,2.1867,-2.0663,0.50855,3.033,13.285,-9.5569,2.1867,13.285,60.812
0.33458,-0.13815,-0.40018,-2.2407,-0.13815,0.34615,0.35964,2.5834,-0.40018,0.35964,1.0553,5.3641,-2.2407,2.5834,5.3641,32.326
0.8304,0.19551,-1.3769,-7.3972,0.19551,0.21757,-0.44969,-2.8454,-1.3769,-0.44969,3.1781,18.018,-7.3972,-2.8454,18.018,107.8
0.52535,0.14995,-0.22981,-3.4676,0.14995,0.24709,-0.13503,-2.0987,-0.22981,-0.13503,4.375,19.571,-3.4676,-2.0987,19.571,111.04
0.48589,-0.037439,-0.61686,-3.5233,-0.037439,0.12207,-0.041936,-0.37951,-0.61686,-0.041936,3.397,15.46,-3.5233,-0.37951,15.46,74.392
2.0474,-0.22003,-0.13835,-7.6334,-0.22003,0.2928,-0.26391,-0.52954,-0.13835,-0.26391,2.2404,11.004,-7.6334,-0.52954,11.004,86.666
5.0216,-0.49668,-0.75164,-26.358,-0.49668,0.34999,0.23224,3.2774,-0.75164,0.23224,1.2812,4.9246,-26.358,3.2774,4.9246,143.81
1.0174,-0.42349,-0.32812,-7.2417,-0.42349,0.46014,0.34818,2.869,-0.32812,0.34818,0.51036,2.8882,-7.2417,2.869,2.8882,66.454
0.47111,0.25446,-0.57139,-5.2252,0.25446,0.44767,-0.80225,-5.9054,-0.57139,-0.80225,6.809,30.104,-5.2252,-5.9054,30.104,160.73
2.4627,0.033718,-3.0653,-30.092,0.033718,0.2594,-0.10259,-0.65846,-3.0653,-0.10259,4.2511,39.351,-30.092,-0.65846,39.351,384
0.94885,-0.084426,-0.73383,-6.9183,-0.084426,0.23571,0.35193,1.0151,-0.73383,0.35193,1.4919,7.5134,-6.9183,1.0151,7.5134,60.239
9.1193,-1.8605,-2.4374,-57.945,-1.8605,0.48999,0.46562,11.782,-2.4374,0.46562,1.3031,17.902,-57.945,11.782,17.902,381.5
1.2592,-0.18169,-0.34254,-12.092,-0.18169,0.12362,0.063144,1.9205,-0.34254,0.063144,0.45623,3.2021,-12.092,1.9205,3.2021,129.33
1.3809,0.0882,-0.69315,-5.1944,0.0882,0.38831,0.68165,2.0191,-0.69315,0.68165,4.2463,15.491,-5.1944,2.0191,15.491,63.632
2.1441,-0.27583,-1.163,-13.514,-0.27583,0.26536,0.043473,1.2101,-1.163,0.043473,1.2657,9.5648,-13.514,1.2101,9.5648,98.558
2.694,-0.53211,-0.91775,-16.085,-0.53211,0.44337,0.30129,3.7235,-0.91775,0.30129,0.47574,5.6863,-16.085,3.7235,5.6863,109.06
4.4978,-0.12674,-1.2284,-25.415,-0.12674,0.080416,0.12674,1.1377,-1.2284,0.12674,0.99833,9.964,-25.415,1.1377,9.964,160.63
1.0405,-0.07568,-1.4249,-6.3949,-0.07568,0.055042,0.11243,0.43956,-1.4249,0.11243,3.2827,14.296,-6.3949,0.43956,14.296,63.658
1.3765,-0.24685,-1.2284,-6.7249,-0.24685,0.25274,0.21753,0.85996,-1.2284,0.21753,1.3794,6.4028,-6.7249,0.85996,6.4028,36.611
2.0576,-0.143,-0.84818,-14.122,-0.143,0.12686,0.024578,0.91016,-0.84818,0.024578,1.6465,8.2421,-14.122,0.91016,8.2421,115.23
1.304,-0.35774,0.12619,-6.3379,-0.35774,0.2945,-0.53075,0.73971,0.12619,-0.53075,2.0815,3.8955,-6.3379,0.73971,3.8955,43.187
3.2083,0.5487,-0.11761,-20.617,0.5487,0.2902,0.064815,-4.4477,-0.11761,0.064815,0.98966,2.3647,-20.617,-4.4477,2.3647,148.54
0.9364,0.55288,-1.0112,-7.9243,0.55288,0.70697,-1.1024,-7.5445,-1.0112,-1.1024,2.4771,16.269,-7.9243,-7.5445,16.269,117.35
2.6453,-0.27204,-1.8789,-14.105,-0.27204,0.14331,0.22287,1.5922,-1.8789,0.22287,1.9805,12.024,-14.105,1.5922,12.024,84.284
3.9539,0.20652,-0.59635,-18.952,0.20652,0.083147,-0.029497,-0.95629,-0.59635,-0.029497,2.092,5.9506,-18.952,-0.95629,5.9506,98.187
0.23824,-0.016786,-0.22274,-1.5432,-0.016786,0.23622,-0.37884,-1.0899,-0.22274,-0.37884,1.4671,5.5549,-1.5432,-1.0899,5.5549,28.949
2.2169,-0.33294,-1.0598,-10.894,-0.33294,0.25824,0.40965,2.3831,-1.0598,0.40965,1.9647,12.351,-10.894,2.3831,12.351,95.64
1.5746,-0.33611,-0.45253,-3.2949,-0.33611,0.41821,-0.051467,-0.43373,-0.45253,-0.051467,2.2211,10.374,-3.2949,-0.43373,10.374,52.117
2.5555,-0.043405,-1.5793,-18.307,-0.043405,0.19377,0.19295,1.2916,-1.5793,0.19295,1.4649,12.98,-18.307,1.2916,12.98,144.19
0.33299,0.02638,-0.41452,-3.3145,0.02638,0.12511,-0.13439,-1.2613,-0.41452,-0.13439,0.984,7.206,-3.3145,-1.2613,7.206,63.02
0.69549,-0.048202,-0.29617,-3.708,-0.048202,0.13513,-0.045319,-0.10498,-0.29617,-0.045319,1.1376,7.3345,-3.708,-0.10498,7.3345,61.042
1.8401,0.041864,-0.6787,-9.8898,0.041864,0.080691,0.00077546,-0.33095,-0.6787,0.00077546,0.39911,4.3735,-9.8898,-0.33095,4.3735,68.085
1.9896,-0.30055,-0.44178,-10.023,-0.30055,0.10931,0.026927,1.3787,-0.44178,0.026927,0.33024,3.2354,-10.023,1.3787,3.2354,64.465
7.7654,-0.6817,-1.828,-36.287,-0.6817,0.29439,0.044467,2.6037,-1.828,0.044467,0.82301,9.7495,-36.287,2.6037,9.7495,180.95
3.2502,-0.36011,-0.61624,-17.403,-0.36011,0.13903,0.11666,2.3683,-0.61624,0.11666,0.71767,7.1809,-17.403,2.3683,7.1809,129.28
1.5748,-0.26008,-1.6827,-11.342,-0.26008,0.29525,0.75816,2.778,-1.6827,0.75816,3.4257,13.636,-11.342,2.778,13.636,89.831
1.2293,-0.31648,-1.3519,-9.6428,-0.31648,0.22665,0.76818,3.0802,-1.3519,0.76818,3.4916,12.656,-9.6428,3.0802,12.656,82.877
5.0725,-0.22287,1.3558,-21.539,-0.22287,0.66728,-1.1018,-0.84109,1.3558,-1.1018,3.811,0.38641,-21.539,-0.84109,0.38641,122.29
0.56044,-0.13756,0.379,-0.018943,-0.13756,0.112,-0.068329,-0.25361,0.379,-0.068329,0.966,3.8069,-0.018943,-0.25361,3.8069,52.24
3.2886,0.015931,1.6648,-19.74,0.015931,0.093106,-0.042284,-0.27365,1.6648,-0.042284,1.0095,-10.127,-19.74,-0.27365,-10.127,130.04
5.6079,-0.44737,2.2296,-24.256,-0.44737,0.12077,-0.21936,2.0166,2.2296,-0.21936,1.3378,-9.6249,-24.256,2.0166,-9.6249,109.42
3.9546,-1.2574,-1.0461,-15.569,-1.2574,0.75404,0.60775,6.7297,-1.0461,0.60775,0.83712,6.3824,-15.569,6.7297,6.3824,74.834
0.3334,0.16383,0.11217,-2.4753,0.16383,0.32862,0.23357,-2.1682,0.11217,0.23357,0.43773,1.0034,-2.4753,-2.1682,1.0034,76.916
1.4433,-0.27502,-0.67122,-3.8518,-0.27502,0.28207,0.03975,0.32993,-0.67122,0.03975,0.73433,3.0884,-3.8518,0.32993,3.0884,19.045
8.652,-0.96221,-3.2949,-43.098,-0.96221,0.21845,0.33352,4.4935,-3.2949,0.33352,1.5889,16.72,-43.098,4.4935,16.72,223.73
3.9646,-0.27346,-4.0274,-17.634,-0.27346,0.12086,0.39047,1.6468,-4.0274,0.39047,5.5005,20.502,-17.634,1.6468,20.502,85.29
3.1207,-0.072928,-4.5976,-17.046,-0.072928,0.11475,0.033279,0.16074,-4.5976,0.033279,8.3154,30.702,-17.046,0.16074,30.702,114.62
1.366,0.0021522,-4.0317,-13.073,0.0021522,0.19193,-0.1499,-0.21453,-4.0317,-0.1499,14.473,45.086,-13.073,-0.21453,45.086,143.88
7.0683,-0.2516,-6.0168,-24.751,-0.2516,0.21128,0.35185,0.94395,-6.0168,0.35185,7.2114,25.216,-24.751,0.94395,25.216,95.865
4.7166,-0.26306,-4.0107,-25.228,-0.26306,0.088874,0.3069,1.6566,-4.0107,0.3069,4.5477,24.846,-25.228,1.6566,24.846,147.39
3.0283,-0.20708,-5.9589,-16.767,-0.20708,0.3111,0.37658,1.1706,-5.9589,0.37658,15.037,38.578,-16.767,1.1706,38.578,104.29
0.36864,-0.015601,-0.41661,-1.5156,-0.015601,0.14002,-0.059396,-0.55147,-0.41661,-0.059396,3.6633,14.729,-1.5156,-0.55147,14.729,62.589
0.3987,-0.014178,0.22595,0.64509,-0.014178,0.26845,-1.0792,-3.4172,0.22595,-1.0792,7.6687,23.358,0.64509,-3.4172,23.358,72.457
2.2485,0.076855,3.4432,10.978,0.076855,0.1922,0.026012,-0.30188,3.4432,0.026012,7.5879,26.986,10.978,-0.30188,26.986,101.88
0.99827,-0.27264,-1.4573,-6.0313,-0.27264,0.2357,0.50105,1.5645,-1.4573,0.50105,3.6084,12.294,-6.0313,1.5645,12.294,51.964
3.2143,-0.89123,-0.70858,-2.4513,-0.89123,0.76591,-0.80874,-5.0973,-0.70858,-0.80874,3.0779,17.723,-2.4513,-5.0973,17.723,105.82
2.4114,0.95577,-4.4462,-28.948,0.95577,0.44838,-1.7735,-11.56,-4.4462,-1.7735,8.6316,55.624,-28.948,-11.56,55.624,365.01
1.1745,-0.039309,-0.5136,-6.7373,-0.039309,0.08468,0.074588,0.22273,-0.5136,0.074588,0.80389,5.1269,-6.7373,0.22273,5.1269,50.924
1.8827,0.055064,-1.0905,-8.0149,0.055064,0.12154,-0.030576,-0.26306,-1.0905,-0.030576,1.0953,6.4665,-8.0149,-0.26306,6.4665,44.41
1.8796,0.11049,-0.78133,-10.73,0.11049,0.16234,-0.01496,-0.39859,-0.78133,-0.01496,1.7289,12.767,-10.73,-0.39859,12.767,114.39
1.6947,0.31119,-1.7922,-9.8741,0.31119,0.16093,-0.2844,-1.7848,-1.7922,-0.2844,3.1867,12.725,-9.8741,-1.7848,12.725,63.104
3.1618,-0.17972,-2.8795,-21.288,-0.17972,0.15445,0.095623,1.0985,-2.8795,0.095623,3.3564,21.547,-21.288,1.0985,21.547,153.84
3.6826,-0.046355,-1.2315,-24.13,-0.046355,0.082819,-0.033259,0.13356,-1.2315,-0.033259,0.99007,9.6936,-24.13,0.13356,9.6936,166.59
1.1433,0.27229,-1.0357,-8.5145,0.27229,0.69713,-0.41218,-3.412,-1.0357,-0.41218,1.3103,9.5885,-8.5145,-3.412,9.5885,78.875
3.7824,-0.56029,-3.3949,-18.537,-0.56029,0.27771,0.76073,3.3789,-3.3949,0.76073,3.9239,18.593,-18.537,3.3789,18.593,100.9
1.6952,0.048083,-1.0845,-15.33,0.048083,0.063109,0.1333,-0.30262,-1.0845,0.1333,2.7201,14.784,-15.33,-0.30262,14.784,160.67
0.93028,-0.16301,-2.7532,-5.1621,-0.16301,0.1685,0.63084,1.1745,-2.7532,0.63084,9.388,16.625,-5.1621,1.1745,16.625,31.153
2.9745,-0.82179,-0.27947,-6.5701,-0.82179,0.70124,-0.017023,0.86055,-0.27947,-0.017023,1.438,5.7898,-6.5701,0.86055,5.7898,39.055
9.0553,1.7575,-4.0241,-42.569,1.7575,0.60071,-0.68441,-8.7055,-4.0241,-0.68441,2.1881,19.448,-42.569,-8.7055,19.448,205.15
1.113,-0.099448,-1.1424,-7.8041,-0.099448,0.10709,0.137,0.70918,-1.1424,0.137,1.3189,8.5551,-7.8041,0.70918,8.5551,59.88
3.398,-0.75781,-2.1514,-13.566,-0.75781,0.26198,0.44389,2.815,-2.1514,0.44389,1.6517,9.7062,-13.566,2.815,9.7062,61.863
2.5738,0.37299,-0.85218,-19.358,0.37299,0.16666,-0.052153,-2.2676,-0.85218,-0.052153,1.0955,10.595,-19.358,-2.2676,10.595,173.49
1.0712,0.04579,-1.6628,-11.034,0.04579,0.17974,0.14601,0.90562,-1.6628,0.14601,4.2948,28.669,-11.034,0.90562,28.669,195.18
3.3349,-0.3663,-2.2177,-16.749,-0.3663,0.21405,0.25427,1.2502,-2.2177,0.25427,1.8238,12.15,-16.749,1.2502,12.15,92.709
5.4561,-0.95091,-5.5218,-30.742,-0.95091,0.39117,0.84779,4.7498,-5.5218,0.84779,6.3057,33.473,-30.742,4.7498,33.473,182.58
0.70897,0.039244,-0.94832,-5.7535,0.039244,0.23818,0.35885,0.47255,-0.94832,0.35885,6.4881,27.518,-5.7535,0.47255,27.518,132.87
1.9671,-0.33484,-2.5786,-12.602,-0.33484,0.17849,0.35029,1.4448,-2.5786,0.35029,4.1142,19.831,-12.602,1.4448,19.831,97.873
4.4333,-0.52871,-2.5671,-13.987,-0.52871,0.17008,0.4068,1.7974,-2.5671,0.4068,5.0173,15.209,-13.987,1.7974,15.209,59.563
0.91916,-0.14645,-1.9463,-6.9976,-0.14645,0.15225,0.48134,1.6547,-1.9463,0.48134,6.598,21.671,-6.9976,1.6547,21.671,72.744
2.0835,-0.28871,-4.187,-7.2524,-0.28871,0.11674,0.60446,1.0912,-4.187,0.60446,13.963,23.574,-7.2524,1.0912,23.574,40.236
1.6505,-0.20023,-1.484,-7.9651,-0.20023,0.13381,0.21413,1.2703,-1.484,0.21413,8.9485,19.158,-7.9651,1.2703,19.158,61.123
1.8261,-0.39923,-4.4632,-19.208,-0.39923,0.2859,1.1239,4.372,-4.4632,1.1239,12.396,52.863,-19.208,4.372,52.863,228.38
0.5377,-0.27852,-1.7132,-11.833,-0.27852,0.28278,0.96864,6.256,-1.7132,0.96864,6.5806,44.346,-11.833,6.256,44.346,312.65
1.9427,-0.61818,-4.397,-8.4129,-0.61818,0.31139,1.3779,2.6653,-4.397,1.3779,11.354,22.822,-8.4129,2.6653,22.822,51.424
0.40325,0.0052684,-0.2561,-0.93238,0.0052684,0.11796,-0.22153,-1.0673,-0.2561,-0.22153,3.2054,14.228,-0.93238,-1.0673,14.228,65.882
1.5984,0.1797,-0.91256,-12.061,0.1797,0.24152,-0.050178,-0.59277,-0.91256,-0.050178,0.91496,7.0709,-12.061,-0.59277,7.0709,104.86
1.9791,-0.06826,0.0096636,-12.443,-0.06826,0.14149,-0.003917,0.2421,0.0096636,-0.003917,0.18574,0.60495,-12.443,0.2421,0.60495,88.55
1.6726,-0.084736,-0.67666,-11.574,-0.084736,0.14223,0.20031,0.32286,-0.67666,0.20031,0.89275,5.7228,-11.574,0.32286,5.7228,95.775
0.58876,-0.1491,0.17176,0.30365,-0.1491,0.46671,-0.12586,-5.297,0.17176,-0.12586,0.83323,4.7156,0.30365,-5.297,4.7156,107
4.3318,-1.049,1.1137,-11.276,-1.049,0.43606,-0.35495,2.3474,1.1137,-0.35495,2.6982,3.4376,-11.276,2.3474,3.4376,47.516
1.4105,0.23688,-1.5673,-10.837,0.23688,0.31523,-0.98289,-7.8065,-1.5673,-0.98289,4.3001,32.22,-10.837,-7.8065,32.22,255.62
0.31145,-0.0041892,-0.35178,-2.056,-0.0041892,0.10213,0.010409,-0.13348,-0.35178,0.010409,2.3935,9.1967,-2.056,-0.13348,9.1967,44.42
0.99017,0.059759,-1.1633,-6.8024,0.059759,0.11267,-0.047802,-0.4161,-1.1633,-0.047802,1.9623,10.974,-6.8024,-0.4161,10.974,65.222
1.3966,-0.085236,-2.164,-8.5293,-0.085236,0.13213,0.0060864,0.1121,-2.164,0.0060864,4.8346,18.456,-8.5293,0.1121,18.456,77.586
1.1639,0.35945,-1.6903,-8.1468,0.35945,0.28999,-0.64354,-3.2224,-1.6903,-0.64354,4.2372,16.869,-8.1468,-3.2224,16.869,73.373
1.7523,-0.20635,-1.5498,-9.1742,-0.20635,0.20942,0.48224,1.1083,-1.5498,0.48224,2.183,8.8308,-9.1742,1.1083,8.8308,55.645
1.5696,-0.13635,-2.3832,-14.286,-0.13635,0.1476,0.2337,0.91134,-2.3832,0.2337,4.5185,23.494,-14.286,0.91134,23.494,139.07
2.8927,0.69436,-1.5298,-14.272,0.69436,0.33603,-0.42373,-3.6002,-1.5298,-0.42373,1.7982,11.234,-14.272,-3.6002,11.234,90.109
1.5228,-0.24948,-0.90017,-11.275,-0.24948,0.29993,0.39591,2.3388,-0.90017,0.39591,1.8506,11.211,-11.275,2.3388,11.211,106.39
1.0964,-0.061984,-1.0065,-5.4812,-0.061984,0.15655,0.097164,0.62733,-1.0065,0.097164,1.4766,6.2386,-5.4812,0.62733,6.2386,32.476
2.8234,-0.39342,-2.1963,-14.09,-0.39342,0.21909,0.55329,2.694,-2.1963,0.55329,2.7763,13.634,-14.09,2.694,13.634,104.82
13.637,-2.2781,-5.0352,-44.294,-2.2781,0.50077,1.1065,7.1777,-5.0352,1.1065,3.3134,15.875,-44.294,7.1777,15.875,146.07
2.7154,-0.83662,-1.0645,-11.913,-0.83662,0.39334,0.40814,3.5546,-1.0645,0.40814,0.83912,5.3145,-11.913,3.5546,5.3145,56.335
2.784,-0.22328,-0.4052,-18.202,-0.22328,0.1462,0.22236,2.4792,-0.4052,0.22236,0.77172,5.2334,-18.202,2.4792,5.2334,146.09
2.0978,-0.79023,-0.69544,-12.267,-0.79023,0.64727,0.1769,5.0651,-0.69544,0.1769,0.95302,4.6722,-12.267,5.0651,4.6722,79.026
6.0674,0.035299,1.491,-12.525,0.035299,0.29602,0.75479,1.7924,1.491,0.75479,2.9812,3.5562,-12.525,1.7924,3.5562,47.787
3.3937,-0.23716,-2.9731,-16.035,-0.23716,0.22361,0.45392,1.5672,-2.9731,0.45392,4.8275,20.709,-16.035,1.5672,20.709,98.94
1.1226,-0.074593,-0.69516,-6.3442,-0.074593,0.13634,0.20647,1.021,-0.69516,0.20647,3.0166,13.575,-6.3442,1.021,13.575,75.168
0.53565,-0.1205,-0.42798,-2.1678,-0.1205,0.17807,0.051987,-0.91698,-0.42798,0.051987,4.3364,23.044,-2.1678,-0.91698,23.044,138.32
7.7121,-1.4144,-4.3037,-43.114,-1.4144,0.48972,1.1178,9.3812,-4.3037,1.1178,3.602,29.215,-43.114,9.3812,29.215,266.16
9.8668,0.030953,-2.3248,-38.929,0.030953,0.55514,-0.33496,0.85307,-2.3248,-0.33496,1.7159,11.643,-38.929,0.85307,11.643,172.74
11.107,-1.1222,-3.1168,-58.843,-1.1222,0.20721,0.22026,5.1181,-3.1168,0.22026,1.4244,20.141,-58.843,5.1181,20.141,342.98
1.7123,-0.1153,-0.91106,-5.7584,-0.1153,0.15188,0.36766,1.5515,-0.91106,0.36766,1.7746,8.2285,-5.7584,1.5515,8.2285,43.328
1.1132,-0.15846,0.34797,0.027843,-0.15846,0.23782,-0.51839,-3.244,0.34797,-0.51839,2.0611,10.931,0.027843,-3.244,10.931,69.352
1.6765,0.065227,-1.81,-10.359,0.065227,0.10662,-0.062966,-0.50648,-1.81,-0.062966,2.3664,11.964,-10.359,-0.50648,11.964,67.621
1.2869,0.1522,-2.1434,-16.127,0.1522,0.10694,-0.26241,-2.0566,-2.1434,-0.26241,4.1505,28.415,-16.127,-2.0566,28.415,221.1
1.3699,-0.079946,-1.1809,-6.8881,-0.079946,0.12409,0.040014,0.63717,-1.1809,0.040014,1.7387,7.8214,-6.8881,0.63717,7.8214,43.359
0.83894,-0.10843,-2.1677,-5.9084,-0.10843,0.15948,0.046026,0.11825,-2.1677,0.046026,7.4679,20.144,-5.9084,0.11825,20.144,55.798
8.9745,-0.96064,-13.414,-41.261,-0.96064,0.43469,1.949,5.5175,-13.414,1.949,24.929,72.446,-41.261,5.5175,72.446,214.93
3.5112,-0.85407,-4.2846,-10.639,-0.85407,0.35931,0.97253,2.5605,-4.2846,0.97253,10.679,22.43,-10.639,2.5605,22.43,49.297
0.84485,0.043043,-1.4144,-5.9085,0.043043,0.18561,0.17499,0.39611,-1.4144,0.17499,5.0208,16.896,-5.9085,0.39611,16.896,61.527
0.77236,-0.052934,-1.7496,-5.2779,-0.052934,0.19576,0.3286,1.1353,-1.7496,0.3286,6.9727,21.792,-5.2779,1.1353,21.792,72.299
0.28294,0.028479,-0.2079,0.37104,0.028479,0.11864,0.04474,-0.05278,-0.2079,0.04474,5.8239,19.609,0.37104,-0.05278,19.609,76.635
0.7444,-0.062506,-1.0547,-7.4291,-0.062506,0.17012,0.049308,0.46354,-1.0547,0.049308,3.8612,21.443,-7.4291,0.46354,21.443,128.03
0.21327,-0.0095923,0.45151,0.68343,-0.0095923,0.21596,-0.71028,-2.8725,0.45151,-0.71028,5.7981,16.896,0.68343,-2.8725,16.896,58.167
0.43598,-0.10146,0.49573,-0.1277,-0.10146,0.27966,-0.7046,-1.5704,0.49573,-0.7046,8.2586,21.972,-0.1277,-1.5704,21.972,67.11
2.0682,-0.20477,-2.1754,-19.268,-0.20477,0.16275,0.3383,2.0303,-2.1754,0.3383,5.7123,33.747,-19.268,2.0303,33.747,238.67
5.3068,-0.098655,-2.7212,-29.864,-0.098655,0.11685,0.32753,1.0253,-2.7212,0.32753,3.2624,17.454,-29.864,1.0253,17.454,173.82
3.3161,-0.50046,-1.5685,-15.761,-0.50046,0.1925,0.82803,3.7281,-1.5685,0.82803,5.9461,20.554,-15.761,3.7281,20.554,111.86
0.99719,-0.018622,-2.0604,-8.5846,-0.018622,0.13533,0.23649,0.63778,-2.0604,0.23649,9.4611,32.789,-8.5846,0.63778,32.789,120.53
1.1743,-0.0062753,-0.62062,-7.7642,-0.0062753,0.090976,-0.17414,-0.71158,-0.62062,-0.17414,2.9271,13.884,-7.7642,-0.71158,13.884,91.766
3.5489,-0.99937,1.4369,-9.1446,-0.99937,0.42264,-0.566,1.8729,1.4369,-0.566,1.8612,-0.32308,-9.1446,1.8729,-0.32308,36.606
1.1282,-0.063656,-0.37154,-4.3255,-0.063656,0.1547,0.39975,1.7235,-0.37154,0.39975,2.5831,11.505,-4.3255,1.7235,11.505,63.354
3.1508,-0.2683,-1.1624,-14.703,-0.2683,0.15376,-0.18701,-0.31541,-1.1624,-0.18701,2.1486,15.613,-14.703,-0.31541,15.613,132.29
1.2572,-0.38427,-2.2225,-5.6181,-0.38427,0.31973,0.72144,1.8471,-2.2225,0.72144,6.081,15.526,-5.6181,1.8471,15.526,40.503
1.9268,-0.274,-2.0559,-17.082,-0.274,0.13998,0.53435,3.384,-2.0559,0.53435,3.497,23.199,-17.082,3.384,23.199,184.78
3.6764,-0.78464,-5.0844,-15.339,-0.78464,0.346,0.85401,2.3188,-5.0844,0.85401,8.5072,25.259,-15.339,2.3188,25.259,76.706
0.44692,-0.043097,0.082544,-1.8521,-0.043097,0.11805,0.45875,2.0831,0.082544,0.45875,16.183,60.205,-1.8521,2.0831,60.205,241.44
1.2241,0.22094,-1.8098,-14.613,0.22094,0.11225,-0.41583,-3.2379,-1.8098,-0.41583,4.0747,30.821,-14.613,-3.2379,30.821,250.67
3.0736,-0.72953,-3.6701,-19.539,-0.72953,0.31763,1.1667,5.5399,-3.6701,1.1667,6.2039,29.088,-19.539,5.5399,29.088,147.21
2.9589,0.2186,-4.3171,-21.92,0.2186,0.16662,0.33829,0.53437,-4.3171,0.33829,11.935,49.992,-21.92,0.53437,49.992,221.94
0.79011,-0.15028,-0.18867,-2.9895,-0.15028,0.17103,0.17081,1.1389,-0.18867,0.17081,1.0216,3.9622,-2.9895,1.1389,3.9622,27.881
8.6999,-0.93503,-3.6931,-46.147,-0.93503,0.3584,0.54595,5.7471,-3.6931,0.54595,2.9043,23.897,-46.147,5.7471,23.897,261.41
0.83764,-0.055887,-0.2108,-4.4414,-0.055887,0.16039,0.025925,0.60994,-0.2108,0.025925,0.49831,2.1063,-4.4414,0.60994,2.1063,35.216
2.6097,-0.9466,-1.923,-14.762,-0.9466,0.50701,0.76561,5.8911,-1.923,0.76561,2.5994,14.273,-14.762,5.8911,14.273,97.912
5.8488,-0.60355,-0.14119,-17.721,-0.60355,0.15184,0.054569,2.0727,-0.14119,0.054569,0.99731,3.8819,-17.721,2.0727,3.8819,71.949
3.7237,0.18717,2.0724,-3.1148,0.18717,0.13873,0.43662,1.0274,2.0724,0.43662,6.1426,17.063,-3.1148,1.0274,17.063,74.924
1.1416,-0.11874,-0.23318,-4.8331,-0.11874,0.15677,0.055062,-0.18073,-0.23318,0.055062,0.55463,5.3175,-4.8331,-0.18073,5.3175,83.22
1.3368,-0.43592,-1.7913,-8.3325,-0.43592,0.28519,0.73343,2.4516,-1.7913,0.73343,3.2328,13.357,-8.3325,2.4516,13.357,65.969
2.2062,0.18911,-0.46504,-13.277,0.18911,0.096759,-0.064343,-1.2255,-0.46504,-0.064343,1.0099,4.9654,-13.277,-1.2255,4.9654,88.328
0.56488,-0.058549,-0.60635,-2.911,-0.058549,0.19889,0.43321,1.8666,-0.60635,0.43321,4.7806,19.202,-2.911,1.8666,19.202,78.718
2.3587,-0.029181,-0.55591,-9.9537,-0.029181,0.40108,1.3633,4.1299,-0.55591,1.3633,7.6842,23.081,-9.9537,4.1299,23.081,103.54
1.0546,0.11983,-2.3976,-6.4739,0.11983,0.19184,-0.48008,-1.3538,-2.3976,-0.48008,19.457,42.689,-6.4739,-1.3538,42.689,97.606
0.3354,-0.1547,-0.97665,-2.7913,-0.1547,0.1608,0.42154,1.2494,-0.97665,0.42154,15.785,39.769,-2.7913,1.2494,39.769,102.63
1.2354,-0.18054,0.94404,1.5855,-0.18054,0.37924,-2.2668,-5.6805,0.94404,-2.2668,18.625,44.605,1.5855,-5.6805,44.605,110.21
3.7778,-0.79472,13.591,26.71,-0.79472,0.29365,-3.1626,-6.2899,13.591,-3.1626,60.316,126.26,26.71,-6.2899,126.26,270.32
1.4244,-0.094291,-1.6237,-6.1125,-0.094291,0.18332,-0.54426,-0.83921,-1.6237,-0.54426,13.019,26.495,-6.1125,-0.83921,26.495,61.47
1.154,-0.23329,0.54448,-1.5867,-0.23329,0.35343,-1.2269,-3.596,0.54448,-1.2269,5.6847,17.138,-1.5867,-3.596,17.138,64.188
0.549,-0.023683,-0.69731,-1.9356,-0.023683,0.076812,-0.21083,-0.43681,-0.69731,-0.21083,13.058,28.226,-1.9356,-0.43681,28.226,62.087
0.93947,-0.34562,-1.4157,-7.2186,-0.34562,0.31389,0.30518,1.445,-1.4157,0.30518,3.6389,17.372,-7.2186,1.445,17.372,86.574
9.4522,-0.38798,-5.0338,-45.469,-0.38798,0.11481,0.16587,1.5609,-5.0338,0.16587,4.0757,27.658,-45.469,1.5609,27.658,230.57
0.65483,0.16318,-2.0057,-5.0466,0.16318,0.28195,-1.0056,-2.9799,-2.0057,-1.0056,10.552,26.174,-5.0466,-2.9799,26.174,71.745
1.2921,0.078013,-0.52373,-8.0134,0.078013,0.10932,-0.069273,-0.54913,-0.52373,-0.069273,0.55457,4.7301,-8.0134,-0.54913,4.7301,60.618
3.8026,-0.084995,-0.97995,-25.279,-0.084995,0.1562,-0.03363,0.45261,-0.97995,-0.03363,1.1158,10.033,-25.279,0.45261,10.033,189.94
0.43715,0.10728,-0.30378,-3.147,0.10728,0.18216,-0.03662,-1.8841,-0.30378,-0.03662,0.44497,2.6583,-3.147,-1.8841,2.6583,49.356
2.261,-0.40559,-0.24697,-12.723,-0.40559,0.20092,0.046856,1.8091,-0.24697,0.046856,0.28293,2.206,-12.723,1.8091,2.206,85.884
0.54928,-0.072531,-0.16803,-1.9267,-0.072531,0.10614,0.044525,0.38637,-0.16803,0.044525,0.46701,3.9196,-1.9267,0.38637,3.9196,46.631
2.6305,-0.32387,-0.55375,-14.601,-0.32387,0.20137,0.033921,1.7182,-0.55375,0.033921,0.45448,5.3164,-14.601,1.7182,5.3164,113.65
3.7693,-0.97009,-1.7602,-21.382,-0.97009,0.40216,0.54956,5.7188,-1.7602,0.54956,1.5206,10.309,-21.382,5.7188,10.309,128.01
5.8058,0.086449,-8.4521,-31.2,0.086449,0.1265,-0.38573,-1.6778,-8.4521,-0.38573,15.896,57.527,-31.2,-1.6778,57.527,213.34
2.1546,-0.43087,-2.7673,-12.038,-0.43087,0.58128,-0.33883,-2.0213,-2.7673,-0.33883,9.2496,40.265,-12.038,-2.0213,40.265,179.24
0.12442,0.034304,-0.1147,-0.63485,0.034304,0.075589,-0.18237,-0.58865,-0.1147,-0.18237,3.2564,10.428,-0.63485,-0.58865,10.428,35.662
2.5102,-0.050634,-6.4367,-13.604,-0.050634,0.079327,0.27671,0.69798,-6.4367,0.27671,20.29,44.186,-13.604,0.69798,44.186,97.525
0.5663,0.14987,-1.9772,-4.3264,0.14987,0.15596,-0.82461,-1.8623,-1.9772,-0.82461,12.992,28.243,-4.3264,-1.8623,28.243,61.926
0.19425,0.13193,-1.7653,-2.6974,0.13193,0.31199,-2.4941,-3.9485,-1.7653,-2.4941,36.171,56.389,-2.6974,-3.9485,56.389,88.357
4.8525,-1.5243,1.9926,2.7201,-1.5243,0.735,-1.9321,-3.5121,1.9926,-1.9321,28.769,62.024,2.7201,-3.5121,62.024,136.13
0.97897,0.031004,-2.6872,-5.433,0.031004,0.099542,0.053584,0.070033,-2.6872,0.053584,15.932,29.767,-5.433,0.070033,29.767,57.084
2.5596,-0.10132,-6.6214,-14.581,-0.10132,0.12199,0.54035,1.122,-6.6214,0.54035,20.432,43.952,-14.581,1.122,43.952,95.523
2.9018,-0.0071971,-5.1828,-15.233,-0.0071971,0.17922,-0.94847,-1.6629,-5.1828,-0.94847,28.509,60.45,-15.233,-1.6629,60.45,137.98
0.17148,0.019303,-0.72467,-0.94098,0.019303,0.1397,-1.4757,-2.123,-0.72467,-1.4757,34.541,48.112,-0.94098,-2.123,48.112,67.709
0.81762,0.23343,-6.6689,-12.706,0.23343,0.20242,-2.6015,-5.1626,-6.6689,-2.6015,64.651,125.73,-12.706,-5.1626,125.73,246.6
0.50826,-0.035842,-3.1108,-5.869,-0.035842,0.17056,0.11451,0.31361,-3.1108,0.11451,23.119,43.381,-5.869,0.31361,43.381,81.79
1.1439,-0.088195,-2.96,-5.3479,-0.088195,0.056267,0.11742,0.27977,-2.96,0.11742,15.763,24.413,-5.3479,0.27977,24.413,39.148
0.82495,-0.11384,-3.5896,-8.5587,-0.11384,0.16612,0.59846,1.5274,-3.5896,0.59846,33.697,76.257,-8.5587,1.5274,76.257,174.71
4.3549,-0.48991,-9.2044,-25.129,-0.48991,0.21648,1.2256,3.3548,-9.2044,1.2256,27.789,67.984,-25.129,3.3548,67.984,181.37
0.83605,-0.058894,-4.2628,-10.234,-0.058894,0.17208,0.50739,1.2967,-4.2628,0.50739,25.741,62.483,-10.234,1.2967,62.483,153.04
1.3802,-0.29443,-2.1051,-7.449,-0.29443,0.34809,2.0035,5.3864,-2.1051,2.0035,17.326,45.059,-7.449,5.3864,45.059,122.26
1.9028,-0.3038,-4.171,-8.7142,-0.3038,0.29401,1.2637,2.1597,-4.171,1.2637,14.207,26.643,-8.7142,2.1597,26.643,51.594
0.12586,0.058127,-0.38395,-1.2249,0.058127,0.1399,-0.58119,-1.7276,-0.38395,-0.58119,8.9214,27.076,-1.2249,-1.7276,27.076,83.657
1.6519,0.41361,-5.5165,-17.467,0.41361,0.73085,-4.2658,-12.275,-5.5165,-4.2658,37.648,111.61,-17.467,-12.275,111.61,335.07
1.0348,-0.044016,0.17375,-0.14144,-0.044016,0.40509,-1.214,-3.4375,0.17375,-1.214,7.2195,20.02,-0.14144,-3.4375,20.02,57.921
1.0492,-0.013336,-1.3899,-2.4028,-0.013336,0.183,-0.15123,-0.061919,-1.3899,-0.15123,6.3461,10.578,-2.4028,-0.061919,10.578,18.245
1.0419,0.14665,-1.6062,-7.6159,0.14665,0.13454,-0.18896,-0.93376,-1.6062,-0.18896,4.8589,17.934,-7.6159,-0.93376,17.934,74.727
2.2482,0.071615,-6.1236,-16.457,0.071615,0.090137,-0.37603,-0.91276,-6.1236,-0.37603,19.737,51.29,-16.457,-0.91276,51.29,135.08
2.9043,-0.76719,-2.5848,-11.983,-0.76719,0.49801,0.84373,4.056,-2.5848,0.84373,3.0567,12.545,-11.983,4.056,12.545,58.962
4.5491,0.45542,-6.2084,-36.668,0.45542,0.19928,-1.1043,-5.3625,-6.2084,-1.1043,11.991,61.144,-36.668,-5.3625,61.144,334.33
3.8876,-0.21987,-6.5267,-21.452,-0.21987,0.36,0.16739,0.44006,-6.5267,0.16739,12.534,39.071,-21.452,0.44006,39.071,126.23
3.3036,-0.8329,-3.4266,-19.041,-0.8329,0.40625,0.74785,4.2394,-3.4266,0.74785,4.8298,25.578,-19.041,4.2394,25.578,138.91
5.7062,0.054955,-5.9026,-33.144,0.054955,0.30394,-0.44941,-2.3332,-5.9026,-0.44941,8.8521,44.471,-33.144,-2.3332,44.471,236.23
3.4786,-0.38332,-2.3132,-12.633,-0.38332,0.19208,0.2856,1.2262,-2.3132,0.2856,4.5766,17.289,-12.633,1.2262,17.289,80.086
3.0335,-0.39955,-4.5516,-21.907,-0.39955,0.24883,0.65,3.0212,-4.5516,0.65,9.2121,41.473,-21.907,3.0212,41.473,191.53
0.7434,-0.19777,-1.2002,-3.0866,-0.19777,0.17138,0.50211,1.5974,-1.2002,0.50211,4.5902,12.067,-3.0866,1.5974,12.067,34.047
1.8905,-0.061814,-3.7964,-12.521,-0.061814,0.33313,-0.096004,1.3178,-3.7964,-0.096004,9.5457,29.246,-12.521,1.3178,29.246,99.919
1.6188,-0.037413,-0.71521,-8.5804,-0.037413,0.19575,0.35061,0.39844,-0.71521,0.35061,5.8736,16.472,-8.5804,0.39844,16.472,78.837
2.1636,-0.16054,-3.264,-10.536,-0.16054,0.064219,0.29379,0.7325,-3.264,0.29379,5.2952,15.7,-10.536,0.7325,15.7,56.66
4.897,-0.76953,-4.155,-16.003,-0.76953,0.19856,0.58769,2.4351,-4.155,0.58769,15.674,34.871,-16.003,2.4351,34.871,90.286
4.5463,-0.64325,-7.028,-25.749,-0.64325,0.20862,0.6523,2.9643,-7.028,0.6523,24.087,67.431,-25.749,2.9643,67.431,204.61
1.2107,-0.0059763,-2.622,-9.5258,-0.0059763,0.088898,0.15663,0.24658,-2.622,0.15663,12.248,33.186,-9.5258,0.24658,33.186,100.61
0.17153,0.029425,-0.11797,-0.34303,0.029425,0.11063,0.31746,0.44812,-0.11797,0.31746,25.89,51.852,-0.34303,0.44812,51.852,105.18
0.18371,0.041997,0.48718,0.81653,0.041997,0.16511,-0.21261,-0.48893,0.48718,-0.21261,7.2847,17.845,0.81653,-0.48893,17.845,48.748
1.6559,0.65278,-6.024,-16.321,0.65278,0.85074,-3.2445,-9.6913,-6.024,-3.2445,27.424,72.734,-16.321,-9.6913,72.734,199.9
1.8557,-0.36043,-3.2007,-11.306,-0.36043,0.24794,0.78273,2.7301,-3.2007,0.78273,7.6584,24.757,-11.306,2.7301,24.757,82.955
0.4864,0.025515,-0.33599,-1.3934,0.025515,0.16332,-0.33997,-1.0702,-0.33599,-0.33997,7.5309,15.946,-1.3934,-1.0702,15.946,36.597
0.57484,-0.15761,-1.223,-3.5922,-0.15761,0.23725,0.22354,0.84561,-1.223,0.22354,15.887,34.625,-3.5922,0.84561,34.625,82.291
0.98309,-0.38824,2.6546,7.0468,-0.38824,0.35815,-0.06265,-0.40931,2.6546,-0.06265,47.581,121.48,7.0468,-0.40931,121.48,311.48
2.6579,-0.33917,-7.4452,-12.019,-0.33917,0.22751,0.78309,1.3945,-7.4452,0.78309,23.51,37.187,-12.019,1.3945,37.187,59.539
3.0134,0.45397,-7.3527,-16.533,0.45397,0.20711,-1.2104,-2.8543,-7.3527,-1.2104,21.225,46.191,-16.533,-2.8543,46.191,101.78
0.84123,-0.38236,-1.1187,-2.2713,-0.38236,0.3173,0.16557,-0.12736,-1.1187,0.16557,8.1401,21.604,-2.2713,-0.12736,21.604,59.631
1.4615,0.053453,-2.706,-8.9444,0.053453,0.12252,-0.066448,-0.20616,-2.706,-0.066448,6.6158,20.517,-8.9444,-0.20616,20.517,65.897
5.4552,-1.1715,-4.6584,-22.95,-1.1715,0.47298,0.96511,4.1841,-4.6584,0.96511,6.1231,28.696,-22.95,4.1841,28.696,139.78
2.9777,0.59707,-3.4333,-20.884,0.59707,0.52876,-1.1579,-6.1344,-3.4333,-1.1579,4.9145,28.027,-20.884,-6.1344,28.027,170.78
0.98181,-0.068428,-0.62014,-6.7344,-0.068428,0.12714,0.0094115,0.40035,-0.62014,0.0094115,1.0976,5.9321,-6.7344,0.40035,5.9321,55.7
2.1473,-0.22932,0.594,-3.9785,-0.22932,0.19056,-0.27561,-1.7514,0.594,-0.27561,1.0309,5.634,-3.9785,-1.7514,5.634,72.091
1.8194,-0.29774,0.11287,-8.6137,-0.29774,0.15425,-0.0012162,1.6695,0.11287,-0.0012162,0.53154,1.317,-8.6137,1.6695,1.317,55.025
1.7352,-0.31177,-0.90752,-10.606,-0.31177,0.20089,0.20773,1.6577,-0.90752,0.20773,0.88945,6.5426,-10.606,1.6577,6.5426,76.968
1.0809,0.12972,-0.51748,-8.0674,0.12972,0.083583,-0.13943,-1.2915,-0.51748,-0.13943,1.0155,4.3956,-8.0674,-1.2915,4.3956,75.19
6.1842,-1.355,-1.5686,-25.591,-1.355,0.54724,0.10689,5.5364,-1.5686,0.10689,1.2427,8.455,-25.591,5.5364,8.455,117.67
8.7899,-2.7828,-3.9376,-56.539,-2.7828,1.1509,1.3875,17.608,-3.9376,1.3875,2.3793,27.032,-56.539,17.608,27.032,381.87
0.60978,0.055896,-0.80338,-5.3671,0.055896,0.096823,-0.065792,-0.83136,-0.80338,-0.065792,1.386,8.2518,-5.3671,-0.83136,8.2518,56.087
1.0252,-0.055954,0.51261,0.78232,-0.055954,0.21705,-1.1602,-4.6378,0.51261,-1.1602,11.281,43.586,0.78232,-4.6378,43.586,182.42
1.6677,-0.15323,-1.0174,-12.437,-0.15323,0.12463,0.17972,1.5182,-1.0174,0.17972,1.5696,12.606,-12.437,1.5182,12.606,123.6
1.0618,0.10944,-0.75772,-5.38,0.10944,0.17457,-0.047543,-0.13112,-0.75772,-0.047543,2.0784,8.8386,-5.38,-0.13112,8.8386,47.097
0.33055,0.024617,-0.40049,-2.6994,0.024617,0.18442,-0.26654,-1.6121,-0.40049,-0.26654,3.1844,20.125,-2.6994,-1.6121,20.125,134.06
2.9597,-0.155,-2.7914,-12.985,-0.155,0.12528,-0.12411,-0.016364,-2.7914,-0.12411,6.5002,20.092,-12.985,-0.016364,20.092,75.221
0.97045,0.033843,-2.0688,-8.6329,0.033843,0.11782,-0.18134,-0.79999,-2.0688,-0.18134,7.4721,27.309,-8.6329,-0.79999,27.309,104.89
0.86679,-0.075064,0.49709,1.2245,-0.075064,0.16174,0.76808,1.6642,0.49709,0.76808,8.7288,18.82,1.2245,1.6642,18.82,41.44
0.64328,-0.19198,1.2611,2.4969,-0.19198,0.28429,-0.73773,-1.6057,1.2611,-0.73773,5.5029,13.093,2.4969,-1.6057,13.093,34.38
1.4263,-0.45939,2.6438,9.0026,-0.45939,0.37871,-1.0487,-3.892,2.6438,-1.0487,6.4114,22.159,9.0026,-3.892,22.159,78.206
4.1086,-0.37706,0.14099,-15.94,-0.37706,0.11792,-0.18683,0.67688,0.14099,-0.18683,1.4442,5.7894,-15.94,0.67688,5.7894,94.802
0.2783,0.039025,0.097791,0.16734,0.039025,0.12023,-0.33814,-1.673,0.097791,-0.33814,2.1047,8.4239,0.16734,-1.673,8.4239,41.296
1.4172,0.30329,-1.0744,-9.5381,0.30329,0.34228,-0.082802,-1.4603,-1.0744,-0.082802,1.5884,10.279,-9.5381,-1.4603,10.279,81.733
1.1842,-0.12151,-1.2798,-1.9689,-0.12151,0.11551,0.094786,-0.35446,-1.2798,0.094786,2.383,10.127,-1.9689,-0.35446,10.127,72.274
0.88014,0.25397,-1.5634,-3.8679,0.25397,0.1783,-0.59675,-1.7546,-1.5634,-0.59675,6.505,17.278,-3.8679,-1.7546,17.278,49.332
0.94068,-0.027716,-0.41532,-5.047,-0.027716,0.19087,-0.11807,-1.1693,-0.41532,-0.11807,0.98454,6.766,-5.047,-1.1693,6.766,59.404
4.1452,-0.4213,-1.3422,-15.641,-0.4213,0.15654,0.08439,1.3827,-1.3422,0.08439,0.76485,6.5692,-15.641,1.3827,6.5692,70.118
2.346,0.14342,1.2111,-15.716,0.14342,0.089637,0.06971,-0.11014,1.2111,0.06971,0.76169,-7.2069,-15.716,-0.11014,-7.2069,156.87
0.70253,0.13197,-0.026108,-4.673,0.13197,0.18726,0.055376,-0.56567,-0.026108,0.055376,0.3257,1.7394,-4.673,-0.56567,1.7394,44.108
1.2327,-0.083722,0.79898,5.3089,-0.083722,0.20856,0.19939,0.49869,0.79898,0.19939,1.7492,8.1322,5.3089,0.49869,8.1322,43.173
0.72855,-0.29036,1.0728,11.15,-0.29036,0.22668,-0.57893,-6.5086,1.0728,-0.57893,2.5492,24.852,11.15,-6.5086,24.852,285.2
1.1282,-0.083695,-0.34819,-5.0575,-0.083695,0.079457,0.12707,0.85361,-0.34819,0.12707,1.3491,6.0032,-5.0575,0.85361,6.0032,42.384
2.6147,-0.26681,-1.5616,-14.055,-0.26681,0.14951,0.24282,1.6027,-1.5616,0.24282,1.3784,9.1191,-14.055,1.6027,9.1191,82.008
6.9419,-0.68052,-3.9948,-53.667,-0.68052,0.27269,0.76088,6.6202,-3.9948,0.76088,3.7792,36.551,-53.667,6.6202,36.551,444.98
1.6546,0.15167,-2.3143,-12.19,0.15167,0.16789,-0.30578,-1.9432,-2.3143,-0.30578,3.8112,19.635,-12.19,-1.9432,19.635,107.97
0.40752,0.021605,-0.80499,-6.1589,0.021605,0.087896,-0.051086,-0.79409,-0.80499,-0.051086,3.0871,20.24,-6.1589,-0.79409,20.24,142.82
0.5906,-0.041636,0.096501,-0.060514,-0.041636,0.11852,-0.17045,-1.2899,0.096501,-0.17045,0.5186,4.5852,-0.060514,-1.2899,4.5852,52.73
0.95893,-0.060131,-2.9948,-9.2396,-0.060131,0.16752,0.096085,0.18511,-2.9948,0.096085,10.713,32.303,-9.2396,0.18511,32.303,100.95
0.2797,0.05405,-0.88149,-2.9671,0.05405,0.16882,-0.76544,-2.6573,-0.88149,-0.76544,7.1419,23.441,-2.9671,-2.6573,23.441,78.465
4.4747,-0.024665,-6.3574,-22.104,-0.024665,0.23044,-0.56854,-0.77187,-6.3574,-0.56854,13.222,39.982,-22.104,-0.77187,39.982,130.17
3.4965,0.050482,-3.6405,-22.393,0.050482,0.24888,-0.36361,-1.3135,-3.6405,-0.36361,5.0869,27.421,-22.393,-1.3135,27.421,160.02
1.8254,-0.064926,-1.7507,-5.4202,-0.064926,0.11975,-0.20677,-1.1711,-1.7507,-0.20677,3.5554,12.383,-5.4202,-1.1711,12.383,48.712
1.0867,0.052333,-1.8374,-5.5717,0.052333,0.11481,-0.058754,-0.37931,-1.8374,-0.058754,4.0563,11.34,-5.5717,-0.37931,11.34,33.488
1.8526,-0.33928,-1.9975,-9.9169,-0.33928,0.39896,0.59314,3.3391,-1.9975,0.59314,2.7668,13.172,-9.9169,3.3391,13.172,66.441
7.8166,-0.37395,-7.4828,-40.652,-0.37395,0.12199,0.25573,1.5046,-7.4828,0.25573,11.105,55.27,-40.652,1.5046,55.27,283.42
0.3139,0.063187,0.31901,1.1748,0.063187,0.35972,-1.0408,-4.2092,0.31901,-1.0408,5.8382,23.744,1.1748,-4.2092,23.744,98.178
0.88926,-0.080677,-1.5992,-6.0484,-0.080677,0.11114,0.043666,0.29004,-1.5992,0.043666,4.159,13.812,-6.0484,0.29004,13.812,50.107
2.5344,0.12097,-3.6302,-12.546,0.12097,0.11128,-0.15866,-0.62405,-3.6302,-0.15866,6.0896,20.197,-12.546,-0.62405,20.197,68.884
1.4902,-0.22119,-2.7571,-9.4366,-0.22119,0.11198,0.50331,1.7125,-2.7571,0.50331,5.7299,19.293,-9.4366,1.7125,19.293,66.611
5.3445,-0.59915,-5.8731,-22.272,-0.59915,0.17182,0.88194,2.9332,-5.8731,0.88194,7.6224,26.99,-22.272,2.9332,26.99,98.868
1.5674,-0.16288,-2.3368,-10.165,-0.16288,0.1555,0.077849,0.47893,-2.3368,0.077849,9.0294,30.145,-10.165,0.47893,30.145,110.06
1.1719,-0.18043,-2.5364,-9.461,-0.18043,0.19663,0.30427,1.014,-2.5364,0.30427,7.5214,26.992,-9.461,1.014,26.992,100.76
2.1259,0.12598,-5.0493,-14.266,0.12598,0.10602,-0.57269,-1.7128,-5.0493,-0.57269,20.797,55.396,-14.266,-1.7128,55.396,150.51
3.2104,-0.38396,-5.5698,-15.796,-0.38396,0.19713,0.98404,2.4085,-5.5698,0.98404,12.593,32.745,-15.796,2.4085,32.745,88.263
0.70784,-0.19251,-3.1347,-7.3654,-0.19251,0.33334,1.2028,1.4674,-3.1347,1.2028,15.92,36.304,-7.3654,1.4674,36.304,92.626
0.8662,-0.27627,-2.7445,-6.9758,-0.27627,0.36765,0.73858,1.7608,-2.7445,0.73858,15.698,39.474,-6.9758,1.7608,39.474,101.82
1.1074,-0.097713,-3.2208,-8.5572,-0.097713,0.22698,-0.53979,-1.1127,-3.2208,-0.53979,17.404,42.204,-8.5572,-1.1127,42.204,104.8
0.81276,0.0091675,-1.6823,-4.0737,0.0091675,0.213,0.0041432,-0.01225,-1.6823,0.0041432,9.5918,20.551,-4.0737,-0.01225,20.551,45.306
0.98808,0.048628,-0.69275,-4.2152,0.048628,0.2612,1.9117,4.3401,-0.69275,1.9117,24.604,56.453,-4.2152,4.3401,56.453,139.86
1.2971,-0.012719,-1.3081,-3.8275,-0.012719,0.12297,0.67794,0.76481,-1.3081,0.67794,24.178,33.828,-3.8275,0.76481,33.828,51.717
0.22751,0.0038828,-0.62671,-0.85422,0.0038828,0.14795,-0.67339,-0.53001,-0.62671,-0.67339,14.347,13.664,-0.85422,-0.53001,13.664,14.788
