2.2476,0.12134,-8.6099,-16.119,0.12134,0.28845,-1.172,-1.7765,-8.6099,-1.172,46.012,82.438,-16.119,-1.7765,82.438,149.08
3.1363,-0.40683,-7.6259,-19.82,-0.40683,0.2768,1.21,3.1704,-7.6259,1.21,30.783,70.347,-19.82,3.1704,70.347,166.19
0.45645,-0.090216,-0.36998,-1.0253,-0.090216,0.22803,0.75537,1.1812,-0.36998,0.75537,25.016,38.566,-1.0253,1.1812,38.566,62.729
1.4045,-0.33089,1.3926,1.2564,-0.33089,0.21278,-1.1645,-1.6637,1.3926,-1.1645,13.898,23.158,1.2564,-1.6637,23.158,40.313
0.45219,0.26252,-2.2655,-4.1594,0.26252,0.50097,0.33826,-0.72351,-2.2655,0.33826,40.553,55.508,-4.1594,-0.72351,55.508,81.645
0.31851,0.062597,-3.176,-5.1064,0.062597,0.16706,-1.3445,-2.487,-3.176,-1.3445,61.424,104.8,-5.1064,-2.487,104.8,180.57
0.32987,0.018071,-1.9298,-4.2244,0.018071,0.1065,-0.52453,-1.1998,-1.9298,-0.52453,20.43,47.888,-4.2244,-1.1998,47.888,114.63
0.76619,-0.21373,-2.658,-4.8644,-0.21373,0.38594,3.2008,4.9087,-2.658,3.2008,41.295,64.625,-4.8644,4.9087,64.625,102.89
0.38444,-0.052224,1.473,2.0328,-0.052224,0.21645,-2.161,-2.8023,1.473,-2.161,31.056,40.143,2.0328,-2.8023,40.143,52.635
1.5921,-0.50362,-4.2644,-5.8676,-0.50362,0.2824,2.2908,2.9413,-4.2644,2.2908,59.912,63.206,-5.8676,2.9413,63.206,69.778
0.26098,-0.1132,0.049508,0.13333,-0.1132,1.0932,-9.1102,-12.739,0.049508,-9.1102,95.723,134.12,0.13333,-12.739,134.12,188.43
0.52003,-0.090314,1.0595,1.5416,-0.090314,0.14916,-1.1725,-1.9595,1.0595,-1.1725,18.503,31.826,1.5416,-1.9595,31.826,55.319
0.86766,-0.21388,-0.35161,-1.2554,-0.21388,0.24854,-1.4488,-2.1844,-0.35161,-1.4488,23.834,38.204,-1.2554,-2.1844,38.204,62.413
0.29861,-0.044716,1.0932,1.1926,-0.044716,0.1436,-0.45063,-0.47395,1.0932,-0.45063,20.443,26.468,1.1926,-0.47395,26.468,35.095
2.9004,-0.60579,-5.6438,-9.1261,-0.60579,0.2777,1.4027,2.1199,-5.6438,1.4027,36.313,39.578,-9.1261,2.1199,39.578,48
0.79246,-0.19085,-2.0573,-2.5392,-0.19085,0.23529,-0.86442,-1.1448,-2.0573,-0.86442,31.292,37.622,-2.5392,-1.1448,37.622,45.96
0.39429,-0.09362,-1.2827,-1.9838,-0.09362,0.21607,1.2366,2.0735,-1.2827,1.2366,22.847,33.991,-1.9838,2.0735,33.991,51.589
0.41651,0.048015,-0.94386,-2.7097,0.048015,0.077065,0.19418,0.14469,-0.94386,0.19418,20.365,41.177,-2.7097,0.14469,41.177,87.013
2.2206,-0.13741,-3.6348,-8.0298,-0.13741,0.26812,0.80078,2.0027,-3.6348,0.80078,11.835,28.561,-8.0298,2.0027,28.561,71.109
0.93387,-0.16856,-2.1101,-6.8656,-0.16856,0.17902,0.39015,1.4537,-2.1101,0.39015,6.4722,19.686,-6.8656,1.4537,19.686,61.613
1.9273,0.25622,0.31325,1.9193,0.25622,0.21828,0.47191,1.5487,0.31325,0.47191,22.902,47.384,1.9193,1.5487,47.384,101.22
0.81875,-0.23169,-3.2663,-8.248,-0.23169,0.19881,0.73416,1.988,-3.2663,0.73416,24.342,61.357,-8.248,1.988,61.357,155.56
1.1337,0.060677,-4.2491,-10.032,0.060677,0.088995,-0.18843,-0.50266,-4.2491,-0.18843,31.852,70.174,-10.032,-0.50266,70.174,157.06
2.7229,-0.16924,-5.1069,-6.6473,-0.16924,0.17015,-0.6261,-0.80188,-5.1069,-0.6261,30.57,39.534,-6.6473,-0.80188,39.534,51.817
0.33909,-0.045414,-1.907,-3.6039,-0.045414,0.32352,1.0548,2.3791,-1.907,1.0548,23.158,48.456,-3.6039,2.3791,48.456,103.71
0.3902,0.13799,-1.8897,-4.3819,0.13799,0.32374,0.06528,-0.44887,-1.8897,0.06528,28.755,58.741,-4.3819,-0.44887,58.741,122.38
0.19107,-0.014513,0.83556,1.2707,-0.014513,0.096143,0.14625,0.31544,0.83556,0.14625,16.734,28.58,1.2707,0.31544,28.58,50.428
0.44759,-0.05199,-1.6961,-1.7938,-0.05199,0.24035,0.59648,0.7704,-1.6961,0.59648,23.267,26.353,-1.7938,0.7704,26.353,30.959
0.88239,-0.099531,-3.1946,-3.4688,-0.099531,0.076161,0.59453,0.62008,-3.1946,0.59453,23.595,23.59,-3.4688,0.62008,23.59,24.421
1.1486,-0.19091,0.70586,-1.0992,-0.19091,0.14928,-0.54455,-0.76355,0.70586,-0.54455,18.801,33.606,-1.0992,-0.76355,33.606,66.003
0.23678,0.0010323,-0.55845,-0.90801,0.0010323,0.086404,0.43203,0.67468,-0.55845,0.43203,16.881,27.998,-0.90801,0.67468,27.998,47.123
0.48369,0.075551,-1.3742,-2.5455,0.075551,0.10349,-0.39757,-0.72007,-1.3742,-0.39757,7.0813,12.453,-2.5455,-0.72007,12.453,22.335
0.27827,-0.10319,-0.53671,-1.3996,-0.10319,0.17966,0.081545,0.12021,-0.53671,0.081545,3.913,13.312,-1.3996,0.12021,13.312,47.583
0.57089,-0.15706,0.30232,0.82098,-0.15706,0.12433,-0.31928,-0.73932,0.30232,-0.31928,7.2921,13.258,0.82098,-0.73932,13.258,25.285
0.483,0.022247,-1.8968,-4.5339,0.022247,0.099393,-0.34005,-0.51438,-1.8968,-0.34005,23.21,45.077,-4.5339,-0.51438,45.077,91.393
0.47071,0.018727,-0.44255,-2.173,0.018727,0.2297,-1.2575,-3.7352,-0.44255,-1.2575,13.196,30.559,-2.173,-3.7352,30.559,128.18
5.1078,-0.48343,-5.2959,-21.813,-0.48343,0.22798,0.46664,1.5044,-5.2959,0.46664,9.3828,25.241,-21.813,1.5044,25.241,99.819
1.2454,-0.46794,-3.0015,-6.048,-0.46794,0.4733,1.6185,3.0821,-3.0015,1.6185,12.107,22.002,-6.048,3.0821,22.002,41.288
2.8219,-0.40269,-2.355,-8.1364,-0.40269,0.19972,0.75595,1.7523,-2.355,0.75595,6.5202,12.416,-8.1364,1.7523,12.416,31.901
0.4901,0.027621,-0.42675,-2.038,0.027621,0.082549,-0.089454,-0.43579,-0.42675,-0.089454,1.5676,4.8783,-2.038,-0.43579,4.8783,17.525
1.9508,-0.019786,-1.4968,-12.613,-0.019786,0.22889,-0.027494,-0.1773,-1.4968,-0.027494,1.4662,10.806,-12.613,-0.1773,10.806,87.559
1.1285,0.055963,-0.5501,-7.1319,0.055963,0.13825,0.052721,-0.40803,-0.5501,0.052721,0.72211,3.846,-7.1319,-0.40803,3.846,52.316
0.41162,0.073368,-0.70277,-4.0698,0.073368,0.18468,-0.076591,-0.56309,-0.70277,-0.076591,2.0318,11.981,-4.0698,-0.56309,11.981,74.923
0.80903,0.17844,-0.32792,-1.3285,0.17844,0.19073,-0.53923,-4.4973,-0.32792,-0.53923,2.8622,23.801,-1.3285,-4.4973,23.801,212.51
0.68551,-0.099378,0.25525,2.4859,-0.099378,0.31415,-0.053533,-2.6986,0.25525,-0.053533,1.0109,8.928,2.4859,-2.6986,8.928,108.75
3.3479,-0.22624,-1.4861,-16.579,-0.22624,0.33122,0.056263,0.83426,-1.4861,0.056263,1.3979,12.39,-16.579,0.83426,12.39,122.27
2.1955,-0.2514,-0.27514,-6.6501,-0.2514,0.24972,-0.21386,-0.75134,-0.27514,-0.21386,1.4591,7.8693,-6.6501,-0.75134,7.8693,59.491
0.44324,0.18333,-0.33437,-4.4018,0.18333,0.33068,-0.13651,-3.0966,-0.33437,-0.13651,1.4241,8.1403,-4.4018,-3.0966,8.1403,74.441
1.1705,-0.017039,-2.0457,-10.482,-0.017039,0.1209,0.0033607,0.14575,-2.0457,0.0033607,5.5017,26.512,-10.482,0.14575,26.512,130.71
0.92956,-0.026842,-0.59294,-3.4757,-0.026842,0.11763,-0.098743,-0.25581,-0.59294,-0.098743,4.1158,18.549,-3.4757,-0.25581,18.549,87.405
3.1562,-0.066165,-1.1267,-19.047,-0.066165,0.14625,0.42884,1.8687,-1.1267,0.42884,3.9741,17.969,-19.047,1.8687,17.969,153.52
3.5321,-0.75679,-5.0864,-18.402,-0.75679,0.37137,1.0575,3.8596,-5.0864,1.0575,8.4031,31.209,-18.402,3.8596,31.209,124.01
0.73865,-0.031533,-0.52961,-1.6686,-0.031533,0.18333,0.32136,1.8035,-0.52961,0.32136,4.4484,23.114,-1.6686,1.8035,23.114,129.33
5.4986,-0.83188,-9.0111,-60.637,-0.83188,0.22964,1.4667,9.4324,-9.0111,1.4667,17.093,107.76,-60.637,9.4324,107.76,702.05
1.0039,-0.19695,1.3711,0.7038,-0.19695,0.23355,-0.76836,-2.5011,1.3711,-0.76836,5.24,12.325,0.7038,-2.5011,12.325,52.744
1.2115,-0.10869,-1.6079,-4.5933,-0.10869,0.10641,-0.089058,-0.24058,-1.6079,-0.089058,13.352,34.323,-4.5933,-0.24058,34.323,89.155
6.4014,-1.363,-9.5766,-38.458,-1.363,0.42831,2.0343,8.7283,-9.5766,2.0343,14.983,59.521,-38.458,8.7283,59.521,241.58
5.5005,-0.56905,-1.5386,-26.513,-0.56905,0.24265,0.20828,2.9361,-1.5386,0.20828,1.0419,8.7102,-26.513,2.9361,8.7102,132.11
3.8604,-0.23279,-0.77691,-19.89,-0.23279,0.14779,0.1308,0.98383,-0.77691,0.1308,2.2697,5.5919,-19.89,0.98383,5.5919,109.72
2.8685,-0.40043,-1.6459,-17.827,-0.40043,0.18918,0.37015,3.203,-1.6459,0.37015,3.46,26.085,-17.827,3.203,26.085,225.03
6.9349,-0.27623,-4.0006,-45.043,-0.27623,0.21671,0.092009,1.3982,-4.0006,0.092009,2.8242,27.201,-45.043,1.3982,27.201,307.24
2.7056,-0.034185,-2.9954,-19.243,-0.034185,0.20273,-0.16154,-0.50187,-2.9954,-0.16154,5.5179,29.983,-19.243,-0.50187,29.983,176.95
0.4591,0.060926,-1.4282,-7.4764,0.060926,0.086222,-0.34623,-1.6137,-1.4282,-0.34623,6.8305,33.094,-7.4764,-1.6137,33.094,165.13
0.31125,-0.0015403,-0.36565,-2.2297,-0.0015403,0.24995,0.1274,0.73854,-0.36565,0.1274,2.6432,13.757,-2.2297,0.73854,13.757,77.512
0.98634,-0.084694,0.059625,0.33256,-0.084694,0.1235,-0.05296,-1.6624,0.059625,-0.05296,0.92813,8.6316,0.33256,-1.6624,8.6316,128.92
1.4834,-0.16197,-2.1451,-18.123,-0.16197,0.20478,0.47101,2.6034,-2.1451,0.47101,4.5677,31.19,-18.123,2.6034,31.19,249.46
1.8465,0.13217,-4.2106,-15.037,0.13217,0.18786,-0.16147,-1.5889,-4.2106,-0.16147,10.502,35.273,-15.037,-1.5889,35.273,135.77
1.973,-0.36566,-4.9529,-11.826,-0.36566,0.20752,1.6639,2.8459,-4.9529,1.6639,21.9,39.322,-11.826,2.8459,39.322,82.044
3.6005,-1.108,-3.4531,-18.204,-1.108,0.51397,1.2502,5.6349,-3.4531,1.2502,4.2888,19.325,-18.204,5.6349,19.325,100.12
0.83444,0.016268,-4.5082,-11.351,0.016268,0.060652,-0.16443,-0.5002,-4.5082,-0.16443,31.305,79.173,-11.351,-0.5002,79.173,202.2
1.0909,-0.092369,-0.62891,-0.89162,-0.092369,0.17512,-0.13085,-0.47715,-0.62891,-0.13085,3.4951,9.8284,-0.89162,-0.47715,9.8284,29.129
3.2627,-0.81498,-3.3041,-26.442,-0.81498,0.39748,1.0569,7.1667,-3.3041,1.0569,9.1555,47.35,-26.442,7.1667,47.35,299.4
2.0102,-0.071781,-3.6368,-16.23,-0.071781,0.13073,0.21173,0.82048,-3.6368,0.21173,7.1335,30.926,-16.23,0.82048,30.926,137.6
1.8695,0.11926,-1.9924,-13.396,0.11926,0.14452,-0.13776,-1.7351,-1.9924,-0.13776,2.4296,16.082,-13.396,-1.7351,16.082,118.1
2.8844,0.044535,-1.0307,-14.589,0.044535,0.15749,-0.40675,-2.3781,-1.0307,-0.40675,3.3201,19.854,-14.589,-2.3781,19.854,153.73
1.0076,0.12544,-1.1539,-9.5116,0.12544,0.13728,-0.3109,-2.076,-1.1539,-0.3109,2.9729,18.75,-9.5116,-2.076,18.75,137.38
1.3925,-0.215,-0.63982,-12.849,-0.215,0.15742,0.3518,3.6105,-0.63982,0.3518,2.2642,17.2,-12.849,3.6105,17.2,216.38
0.85145,0.052078,-0.8761,-3.3333,0.052078,0.091048,-0.24919,-0.69715,-0.8761,-0.24919,8.0872,17.058,-3.3333,-0.69715,17.058,42.995
1.5346,0.13337,-2.6419,-9.4702,0.13337,0.1768,-0.35669,-1.3747,-2.6419,-0.35669,5.7309,19.328,-9.4702,-1.3747,19.328,67.509
1.8647,0.048938,-0.086209,-5.5208,0.048938,0.21814,-0.33686,-1.8079,-0.086209,-0.33686,4.3668,20.825,-5.5208,-1.8079,20.825,117.57
2.2488,-0.11873,0.77806,-27.241,-0.11873,0.2403,-0.47406,-2.0722,0.77806,-0.47406,2.3749,0.68706,-27.241,-2.0722,0.68706,488.59
2.4185,-0.37259,1.4953,-10.325,-0.37259,0.15347,-0.41513,1.4492,1.4953,-0.41513,3.5484,-3.3381,-10.325,1.4492,-3.3381,53.206
3.2909,-0.91762,-1.066,-16.769,-0.91762,0.38977,0.57883,5.5234,-1.066,0.57883,2.2701,10.88,-16.769,5.5234,10.88,102.45
0.75428,-0.11316,-1.381,-5.8481,-0.11316,0.16832,0.52224,2.4993,-1.381,0.52224,4.2903,19.882,-5.8481,2.4993,19.882,97.659
0.30732,0.0044597,0.45504,1.5173,0.0044597,0.21803,0.50631,2.0539,0.45504,0.50631,4.365,17.266,1.5173,2.0539,17.266,71.053
6.6451,0.4723,1.4398,-34.538,0.4723,0.24389,0.11845,-3.7348,1.4398,0.11845,0.58889,-5.9206,-34.538,-3.7348,-5.9206,209.08
3.3614,0.069428,-2.0204,-22.289,0.069428,0.17803,-0.094122,-0.66662,-2.0204,-0.094122,2.2599,15.96,-22.289,-0.66662,15.96,157.77
0.48546,-0.049647,0.0041306,-3.3794,-0.049647,0.097039,-0.0063552,0.62095,0.0041306,-0.0063552,2.2987,9.7599,-3.3794,0.62095,9.7599,71.238
1.8151,-0.11985,-2.8236,-16.223,-0.11985,0.12755,0.0091825,-0.12423,-2.8236,0.0091825,6.3469,36.523,-16.223,-0.12423,36.523,216.81
0.74116,0.023074,-0.9773,-5.6123,0.023074,0.098427,-0.02079,-0.20496,-0.9773,-0.02079,3.0857,15.042,-5.6123,-0.20496,15.042,77.889
1.9869,-0.054639,-2.035,-10.288,-0.054639,0.11447,-0.0017293,-0.085178,-2.035,-0.0017293,2.9506,14.173,-10.288,-0.085178,14.173,72.982
0.55482,-0.12612,0.49525,0.93365,-0.12612,0.14991,-0.43585,-1.2067,0.49525,-0.43585,5.0361,13.584,0.93365,-1.2067,13.584,37.686
0.98303,0.070545,-1.4977,-7.3066,0.070545,0.097899,-0.090577,-0.60303,-1.4977,-0.090577,3.8633,14.774,-7.3066,-0.60303,14.774,67.342
3.0113,-1.1704,-0.54147,-9.5791,-1.1704,0.62599,0.078258,2.7031,-0.54147,0.078258,1.0297,6.4959,-9.5791,2.7031,6.4959,59.577
1.7069,-0.15914,-1.8695,-15.689,-0.15914,0.2289,0.22214,1.8956,-1.8695,0.22214,2.5646,20.334,-15.689,1.8956,20.334,168.05
1.1659,-0.046012,-2.4731,-15.839,-0.046012,0.12055,0.41555,2.3104,-2.4731,0.41555,8.3385,48.346,-15.839,2.3104,48.346,293.86
6.6445,-1.7703,-3.85,-3.9572,-1.7703,0.65328,0.5333,-2.1994,-3.85,0.5333,5.2948,21.602,-3.9572,-2.1994,21.602,129.12
4.2935,0.040535,-5.1278,-22.13,0.040535,0.15696,0.070252,0.31498,-5.1278,0.070252,8.9645,35.156,-22.13,0.31498,35.156,142.71
0.63379,-0.084991,-0.61893,-4.0421,-0.084991,0.13418,-0.31647,-0.82717,-0.61893,-0.31647,7.3619,30.692,-4.0421,-0.82717,30.692,134.81
1.4875,-0.52499,-2.143,-14,-0.52499,0.3706,0.89791,5.9154,-2.143,0.89791,3.5712,23.05,-14,5.9154,23.05,154.14
0.96489,0.40108,-2.4322,-7.4607,0.40108,0.76019,-1.6423,-4.997,-2.4322,-1.6423,8.5482,26.527,-7.4607,-4.997,26.527,89.866
1.013,-0.30116,-1.1465,-4.1139,-0.30116,0.30941,0.61282,2.2306,-1.1465,0.61282,2.9309,12.534,-4.1139,2.2306,12.534,58.625
1.5197,-0.3916,2.6238,10.188,-0.3916,0.19303,-0.81819,-3.2575,2.6238,-0.81819,6.7724,28.852,10.188,-3.2575,28.852,127.16
1.0947,-0.11195,-1.604,-8.6296,-0.11195,0.28616,0.40152,2.4279,-1.604,0.40152,3.7164,19.375,-8.6296,2.4279,19.375,104.09
0.46218,-0.042749,-0.49528,-1.755,-0.042749,0.11658,0.31346,0.65222,-0.49528,0.31346,6.5222,13.637,-1.755,0.65222,13.637,31.22
0.26715,-0.13012,-0.083102,-0.55215,-0.13012,0.25957,-0.5379,-0.54483,-0.083102,-0.5379,5.5204,9.8229,-0.55215,-0.54483,9.8229,19.052
0.55332,-0.075682,-0.78004,-4.6804,-0.075682,0.12747,0.070036,0.74106,-0.78004,0.070036,1.405,7.8876,-4.6804,0.74106,7.8876,52.071
2.0029,0.17155,-2.3902,-17.695,0.17155,0.13235,-0.25155,-1.612,-2.3902,-0.25155,3.5546,24.202,-17.695,-1.612,24.202,173.24
1.04,0.18887,-1.6322,-15.408,0.18887,0.45594,-0.31816,-3.4971,-1.6322,-0.31816,3.551,30.431,-15.408,-3.4971,30.431,279.68
1.6432,-0.34748,-0.8469,-5.465,-0.34748,0.31999,-0.081994,0.08638,-0.8469,-0.081994,1.5101,6.7997,-5.465,0.08638,6.7997,35.399
1.4979,-0.074816,-1.8015,-11.657,-0.074816,0.24116,0.0022068,-1.5237,-1.8015,0.0022068,2.8597,17.873,-11.657,-1.5237,17.873,138.21
2.074,0.04194,-0.57984,-13.781,0.04194,0.15092,0.04988,0.094875,-0.57984,0.04988,0.71182,6.9921,-13.781,0.094875,6.9921,116.38
2.4723,-0.44835,-1.2818,-9.2268,-0.44835,0.16792,0.30532,1.845,-1.2818,0.30532,1.0087,5.3073,-9.2268,1.845,5.3073,36.516
2.1503,-0.45847,-0.46905,-5.8603,-0.45847,0.23761,0.18743,1.2389,-0.46905,0.18743,0.65541,3.0816,-5.8603,1.2389,3.0816,32.182
2.9185,0.12858,-1.3025,-15.791,0.12858,0.21525,-0.15545,-0.367,-1.3025,-0.15545,1.7043,13.015,-15.791,-0.367,13.015,127.31
4.8852,-0.52961,-2.681,-20.741,-0.52961,0.19808,0.33286,2.8267,-2.681,0.33286,2.56,14.837,-20.741,2.8267,14.837,107.43
0.70784,0.17871,-1.4759,-9.7569,0.17871,0.25287,-0.58973,-3.815,-1.4759,-0.58973,4.1231,26.58,-9.7569,-3.815,26.58,181.62
1.7616,0.30003,-1.6515,-8.8462,0.30003,0.4309,-0.92373,-4.9552,-1.6515,-0.92373,3.8814,18.402,-8.8462,-4.9552,18.402,92.371
0.85127,0.10792,-0.89606,-6.7972,0.10792,0.14192,-0.24387,-1.5102,-0.89606,-0.24387,2.1298,13.269,-6.7972,-1.5102,13.269,99.851
1.3798,-0.063408,-0.79763,-6.9535,-0.063408,0.1148,0.06217,0.075028,-0.79763,0.06217,1.0699,5.0785,-6.9535,0.075028,5.0785,41.511
0.89236,0.12603,-1.3736,-3.5826,0.12603,0.1295,-0.25406,-0.42813,-1.3736,-0.25406,4.1726,8.3062,-3.5826,-0.42813,8.3062,19.48
0.58378,-0.068944,-0.096386,-2.5194,-0.068944,0.64414,-2.1968,-2.9894,-0.096386,-2.1968,9.3858,15.454,-2.5194,-2.9894,15.454,45.544
1.3989,0.007273,-0.51508,-10.264,0.007273,0.088106,0.054838,0.28217,-0.51508,0.054838,1.8575,8.4312,-10.264,0.28217,8.4312,100.93
0.59395,0.09812,-0.37387,-3.7861,0.09812,0.43179,-0.43746,-2.9929,-0.37387,-0.43746,0.86851,6.2621,-3.7861,-2.9929,6.2621,51.117
2.1114,0.043199,-2.9638,-14.278,0.043199,0.1334,-0.18307,-1.1069,-2.9638,-0.18307,5.2013,23.921,-14.278,-1.1069,23.921,113.9
2.3054,-0.18066,-1.9676,-5.9687,-0.18066,0.31922,0.37861,1.0114,-1.9676,0.37861,4.2363,13.608,-5.9687,1.0114,13.608,48.242
0.81059,0.22416,-3.0409,-16.723,0.22416,0.27533,-1.7516,-8.1553,-3.0409,-1.7516,18.373,89.489,-16.723,-8.1553,89.489,450.16
0.78069,-0.12937,-0.61403,-2.9855,-0.12937,0.1202,0.032279,-0.13152,-0.61403,0.032279,1.8564,9.7735,-2.9855,-0.13152,9.7735,54.039
0.65215,-0.037272,-0.094478,-0.5217,-0.037272,0.17825,-0.51102,-2.0237,-0.094478,-0.51102,3.815,14.792,-0.5217,-2.0237,14.792,59.828
2.9914,0.46038,4.0069,10.26,0.46038,0.5356,1.9115,4.7232,4.0069,1.9115,13.025,29.128,10.26,4.7232,29.128,68.256
6.1398,-1.378,-4.1073,-17.448,-1.378,0.57155,1.1518,4.0565,-4.1073,1.1518,6.1071,23.317,-17.448,4.0565,23.317,93.309
13.577,-3.4941,-6.1504,-42.808,-3.4941,1.0553,1.7225,11.175,-6.1504,1.7225,5.3975,20.406,-42.808,11.175,20.406,136.2
1.2393,-0.91908,-2.9147,-2.8154,-0.91908,1.1868,3.0215,2.9135,-2.9147,3.0215,11.388,10.413,-2.8154,2.9135,10.413,9.8458
1.9496,-0.30927,-1.9019,-2.3421,-0.30927,0.1525,0.063408,-0.16741,-1.9019,0.063408,7.9678,13.695,-2.3421,-0.16741,13.695,25.17
0.26611,0.041038,-0.28795,-0.54745,0.041038,0.16802,-0.33143,-0.59261,-0.28795,-0.33143,7.0364,14.139,-0.54745,-0.59261,14.139,29.365
0.60208,-0.13818,0.71592,1.2231,-0.13818,0.20525,-0.35577,-0.7852,0.71592,-0.35577,4.5598,10.427,1.2231,-0.7852,10.427,24.919
1.4079,0.23645,-2.3282,-11.191,0.23645,0.19038,-0.5448,-2.1604,-2.3282,-0.5448,5.1948,22.956,-11.191,-2.1604,22.956,105.58
1.1333,-0.011106,-1.1703,-9.6737,-0.011106,0.16165,0.19848,0.26967,-1.1703,0.19848,2.6267,12.125,-9.6737,0.26967,12.125,89.886
0.46954,-0.087367,0.36079,0.93008,-0.087367,0.26762,-0.25463,-1.4305,0.36079,-0.25463,7.1018,23.654,0.93008,-1.4305,23.654,82.021
0.81622,0.090456,-0.4673,-5.7358,0.090456,0.16764,-0.62314,-4.4028,-0.4673,-0.62314,3.9489,28.01,-5.7358,-4.4028,28.01,213.21
0.94459,-0.34914,1.3183,5.8131,-0.34914,0.32704,-0.44062,-2.5052,1.3183,-0.44062,2.9412,12.347,5.8131,-2.5052,12.347,59.224
2.2541,-0.23821,0.26536,-3.788,-0.23821,0.14655,0.21387,0.95119,0.26536,0.21387,8.1866,17.817,-3.788,0.95119,17.817,48.089
1.5692,-0.32764,1.0468,2.5249,-0.32764,0.1997,-0.45393,-2.2648,1.0468,-0.45393,1.588,7.4107,2.5249,-2.2648,7.4107,45.097
4.2886,-0.025878,-2.5133,-21.077,-0.025878,0.16686,-0.11705,-0.64775,-2.5133,-0.11705,3.6843,23.17,-21.077,-0.64775,23.17,159.29
1.3167,-0.4179,-0.92542,-4.3097,-0.4179,0.29014,0.43773,1.4871,-0.92542,0.43773,3.0467,12.397,-4.3097,1.4871,12.397,55.447
2.326,-0.053469,-1.0726,-12.605,-0.053469,0.052651,-0.1391,-0.28737,-1.0726,-0.1391,3.7529,17.806,-12.605,-0.28737,17.806,116.54
3.1492,0.053716,-0.085346,-14.761,0.053716,0.18233,0.025261,-0.48927,-0.085346,0.025261,0.95976,4.1056,-14.761,-0.48927,4.1056,86.886
1.5641,-0.21927,-1.0589,-11.908,-0.21927,0.27237,0.30296,2.6998,-1.0589,0.30296,2.4988,14.808,-11.908,2.6998,14.808,124.23
6.3927,-0.75777,-8.2769,-50.308,-0.75777,0.28511,1.2001,6.8808,-8.2769,1.2001,13.499,75.206,-50.308,6.8808,75.206,438.99
1.3141,0.1389,-3.4392,-14.713,0.1389,0.21454,-0.68615,-3.2151,-3.4392,-0.68615,11.244,47.967,-14.713,-3.2151,47.967,214.99
5.8743,0.18228,-11.413,-25.603,0.18228,0.14763,-0.54993,-1.14,-11.413,-0.54993,23.467,52.172,-25.603,-1.14,52.172,116.49
1.4024,-0.071003,-0.77479,-11.698,-0.071003,0.14459,0.048103,0.82878,-0.77479,0.048103,1.0486,8.0428,-11.698,0.82878,8.0428,113.05
2.2581,-0.21167,-0.85754,-7.6877,-0.21167,0.23931,0.0041201,0.24622,-0.85754,0.0041201,0.53081,4.1646,-7.6877,0.24622,4.1646,36.275
0.90408,-0.42824,-0.46657,-5.9016,-0.42824,0.49335,0.22082,2.9031,-0.46657,0.22082,0.38527,3.4978,-5.9016,2.9031,3.4978,42.499
1.2809,0.19562,0.36003,-3.2545,0.19562,0.60458,0.6053,3.3536,0.36003,0.6053,1.0797,4.5989,-3.2545,3.3536,4.5989,47.246
4.3886,-0.41617,-0.43791,-23.968,-0.41617,0.1425,0.15749,2.5744,-0.43791,0.15749,0.50256,3.6324,-23.968,2.5744,3.6324,138.33
1.2639,-0.33654,-0.2762,-8.0294,-0.33654,0.21681,0.16424,2.4262,-0.2762,0.16424,0.57204,3.6141,-8.0294,2.4262,3.6141,62.728
7.3291,-0.9139,0.16177,-22.732,-0.9139,0.23823,0.11146,3.3355,0.16177,0.11146,0.80603,3.1686,-22.732,3.3355,3.1686,92.762
3.0232,-0.43398,-1.6768,-16.909,-0.43398,0.2888,0.1697,2.7926,-1.6768,0.1697,1.3565,11.204,-16.909,2.7926,11.204,111.19
0.58565,-0.081327,-0.67226,-2.3281,-0.081327,0.21013,0.15902,0.13505,-0.67226,0.15902,1.8303,7.1487,-2.3281,0.13505,7.1487,31.319
3.0304,-0.58051,-4.7222,-19.493,-0.58051,0.30938,1.2904,4.8437,-4.7222,1.2904,11.592,42.712,-19.493,4.8437,42.712,163.93
0.99328,0.15471,-1.2457,-6.0467,0.15471,0.14886,-0.0040421,-0.54003,-1.2457,-0.0040421,3.6084,13.386,-6.0467,-0.54003,13.386,56.59
4.5811,-1.0373,-7.0337,-22.354,-1.0373,0.33936,1.7063,5.438,-7.0337,1.7063,13.457,40.089,-22.354,5.438,40.089,124
0.86462,-0.10814,-2.4587,-3.3653,-0.10814,0.18114,-0.2679,-0.52593,-2.4587,-0.2679,17.974,27.81,-3.3653,-0.52593,27.81,43.822
0.33313,-0.044822,-0.43659,-1.1166,-0.044822,0.090875,0.7632,1.1428,-0.43659,0.7632,14.085,21.705,-1.1166,1.1428,21.705,34.714
2.7284,0.085896,-5.0758,-13.738,0.085896,0.12118,-0.17414,-0.4533,-5.0758,-0.17414,11.938,30.167,-13.738,-0.4533,30.167,79.934
1.8865,-0.089536,-2.5901,-10.045,-0.089536,0.09597,0.18871,0.69023,-2.5901,0.18871,4.3296,15.166,-10.045,0.69023,15.166,58.043
1.8481,-0.42146,-0.71529,-10.06,-0.42146,0.2759,0.36097,3.0993,-0.71529,0.36097,1.4277,5.5012,-10.06,3.0993,5.5012,61.424
3.9207,-0.41817,0.58795,-30.513,-0.41817,0.11778,0.072088,3.3023,0.58795,0.072088,2.7717,3.2122,-30.513,3.3023,3.2122,271.26
1.8113,-0.089297,-0.63046,-11.289,-0.089297,0.077349,0.011718,0.72195,-0.63046,0.011718,2.4187,10.689,-11.289,0.72195,10.689,98.508
1.54,-0.23048,1.2666,-14.966,-0.23048,0.20568,-0.41231,2.5215,1.2666,-0.41231,1.8219,-13.05,-14.966,2.5215,-13.05,154.25
0.38613,0.13771,0.13746,-2.5563,0.13771,0.80129,-1.7896,-10.45,0.13746,-1.7896,6.1093,31.517,-2.5563,-10.45,31.517,200.71
3.937,-0.66283,1.2673,-11.774,-0.66283,0.23365,-0.12512,1.9734,1.2673,-0.12512,4.6877,5.5407,-11.774,1.9734,5.5407,58.6
2.8775,-0.2769,-1.1554,-13.347,-0.2769,0.14654,-0.0034846,1.2195,-1.1554,-0.0034846,2.7981,9.7145,-13.347,1.2195,9.7145,72.917
5.127,0.45756,2.691,-15.255,0.45756,0.34672,1.7157,1.1132,2.691,1.7157,12.042,8.3639,-15.255,1.1132,8.3639,74.119
0.69235,-0.096981,1.2735,1.8687,-0.096981,0.12835,0.12204,0.30914,1.2735,0.12204,13.289,22.485,1.8687,0.30914,22.485,40.156
0.29324,-0.0058245,0.37066,-0.25992,-0.0058245,0.19517,-0.3974,-0.89693,0.37066,-0.3974,9.0621,21.077,-0.25992,-0.89693,21.077,58.256
1.3975,-0.25271,-5.2701,-14.919,-0.25271,0.11034,1.0784,2.8116,-5.2701,1.0784,26.162,68.012,-14.919,2.8116,68.012,184.24
1.8661,-0.534,-6.5341,-12.38,-0.534,0.2767,2.4135,4.3059,-6.5341,2.4135,26.834,49.871,-12.38,4.3059,49.871,95.142
1.763,-0.17603,-2.3668,-11.848,-0.17603,0.22452,0.35483,1.9165,-2.3668,0.35483,7.1493,28.889,-11.848,1.9165,28.889,124.06
0.43574,0.10284,0.91857,0.0027723,0.10284,0.11018,0.061252,-0.46717,0.91857,0.061252,11.016,23.211,0.0027723,-0.46717,23.211,71.067
3.3606,-0.22296,-3.8998,-24.16,-0.22296,0.10801,0.22661,1.3148,-3.8998,0.22661,5.0358,30.624,-24.16,1.3148,30.624,192.87
2.0301,0.050131,-2.0427,-12.644,0.050131,0.19104,-0.086416,-0.033513,-2.0427,-0.086416,3.9278,19.556,-12.644,-0.033513,19.556,106.45
2.0992,-0.13756,-1.9949,-8.3782,-0.13756,0.15989,0.21912,1.186,-1.9949,0.21912,3.8647,15.231,-8.3782,1.186,15.231,63.53
1.3428,-0.13315,-0.90943,-12.506,-0.13315,0.1091,0.13104,1.3173,-0.90943,0.13104,1.8264,13.892,-12.506,1.3173,13.892,171.1
5.5665,-0.027954,-3.0128,-42.333,-0.027954,0.11408,0.03643,0.42187,-3.0128,0.03643,2.4665,26.259,-42.333,0.42187,26.259,353.62
0.86189,0.0319,-0.29953,-3.7121,0.0319,0.16319,0.035943,0.13546,-0.29953,0.035943,0.9259,4.2557,-3.7121,0.13546,4.2557,30.391
5.3707,-1.588,-2.5287,-24.937,-1.588,0.5851,0.85897,7.8953,-2.5287,0.85897,4.1361,21.217,-24.937,7.8953,21.217,149.22
6.7249,-1.6781,-0.42672,-8.2944,-1.6781,0.51287,0.10201,1.9454,-0.42672,0.10201,2.908,9.2302,-8.2944,1.9454,9.2302,46.809
0.79175,-0.084667,0.55256,1.7628,-0.084667,0.12855,-0.32295,-1.4124,0.55256,-0.32295,5.0726,14.613,1.7628,-1.4124,14.613,54.183
0.96087,-0.31571,-0.39081,-3.7127,-0.31571,0.26652,0.42657,2.0013,-0.39081,0.42657,4.8121,18.591,-3.7127,2.0013,18.591,81.771
0.79814,-0.086538,-2.5684,-9.9111,-0.086538,0.22814,0.40284,1.3315,-2.5684,0.40284,9.5321,36.223,-9.9111,1.3315,36.223,140.74
0.74379,-0.083473,-1.8849,-8.0212,-0.083473,0.2018,0.37216,1.369,-1.8849,0.37216,6.4936,26.993,-8.0212,1.369,26.993,114.94
1.9946,0.11569,-5.2464,-18.896,0.11569,0.10393,-0.41231,-1.8978,-5.2464,-0.41231,16.443,60.914,-18.896,-1.8978,60.914,231.22
0.37658,-0.063112,-0.51634,-1.5845,-0.063112,0.25614,-0.31202,-1.1163,-0.51634,-0.31202,3.8246,14.437,-1.5845,-1.1163,14.437,56.401
1.6237,0.018793,-2.5057,-12.263,0.018793,0.10822,-0.21973,-0.82144,-2.5057,-0.21973,5.3625,24.95,-12.263,-0.82144,24.95,118.52
5.4904,-0.84125,-4.6167,-21.168,-0.84125,0.27641,0.92608,3.5911,-4.6167,0.92608,7.4098,22.661,-21.168,3.5911,22.661,88.984
7.3304,0.25765,-5.2594,-42.996,0.25765,0.15611,-0.082396,-2.0648,-5.2594,-0.082396,5.3571,34.307,-42.996,-2.0648,34.307,269.95
1.9534,-0.14411,-4.416,-8.578,-0.14411,0.10393,0.4608,0.80455,-4.416,0.4608,16.95,31.823,-8.578,0.80455,31.823,63.363
3.1624,-0.21866,-4.9408,-20.965,-0.21866,0.14985,0.34347,1.4335,-4.9408,0.34347,15.517,36.711,-20.965,1.4335,36.711,145.85
0.28195,0.18407,-0.61169,-3.7552,0.18407,0.2648,-0.75231,-4.0743,-0.61169,-0.75231,4.392,22.095,-3.7552,-4.0743,22.095,118.19
1.0684,-0.18673,-2.0872,-8.8743,-0.18673,0.16263,0.4253,1.8603,-2.0872,0.4253,5.2934,22.03,-8.8743,1.8603,22.03,95.23
2.4135,-0.14128,-1.6446,-17.548,-0.14128,0.15577,0.07965,0.3767,-1.6446,0.07965,2.2629,16.001,-17.548,0.3767,16.001,148.25
0.8618,-9.8449e-05,-2.3506,-12.055,-9.8449e-05,0.1056,0.17462,0.2581,-2.3506,0.17462,10.306,43.575,-12.055,0.2581,43.575,211.31
1.3805,-0.19929,-2.9949,-11.515,-0.19929,0.20224,0.54989,2.1718,-2.9949,0.54989,7.7964,29.698,-11.515,2.1718,29.698,114.9
2.3279,-0.49493,-3.607,-14.346,-0.49493,0.22483,0.75507,3.1465,-3.607,0.75507,7.6621,25.095,-14.346,3.1465,25.095,93.763
1.8081,-0.31722,-4.6376,-13.279,-0.31722,0.19359,0.86249,2.5419,-4.6376,0.86249,13.265,37.061,-13.279,2.5419,37.061,106.6
3.5533,-0.87474,-9.1317,-26.488,-0.87474,0.51274,3.1004,8.1789,-9.1317,3.1004,29.209,79.659,-26.488,8.1789,79.659,221.94
0.34082,0.042698,-1.2572,-5.3072,0.042698,0.085263,-0.36989,-1.7093,-1.2572,-0.36989,10.899,44.015,-5.3072,-1.7093,44.015,182.9
1.9403,-0.22743,-4.2683,-10.926,-0.22743,0.15837,0.279,0.52977,-4.2683,0.279,11.852,33.679,-10.926,0.52977,33.679,102.54
1.445,-0.16125,-2.581,-9.9686,-0.16125,0.13806,1.0108,3.3755,-2.581,1.0108,16.092,54.256,-9.9686,3.3755,54.256,188.58
1.4295,0.21899,-1.595,-9.873,0.21899,0.33053,-0.49406,-3.0371,-1.595,-0.49406,3.2698,17.663,-9.873,-3.0371,17.663,104
6.3027,-1.0401,-5.9508,-25.902,-1.0401,0.32355,1.1902,4.7971,-5.9508,1.1902,6.4789,26.71,-25.902,4.7971,26.71,113.37
1.411,-0.14375,-0.89285,-8.1217,-0.14375,0.22105,-0.084646,0.079495,-0.89285,-0.084646,1.9492,8.3333,-8.1217,0.079495,8.3333,60.731
1.0816,-0.46447,-0.72703,-5.0744,-0.46447,0.42859,0.17847,0.49713,-0.72703,0.17847,0.90318,6.4092,-5.0744,0.49713,6.4092,54.238
1.2936,-0.31267,-1.4876,-5.6182,-0.31267,0.22637,0.32638,1.1452,-1.4876,0.32638,3.1075,10.273,-5.6182,1.1452,10.273,36.41
0.9177,0.42127,-2.7217,-6.2278,0.42127,1.2113,-2.5373,-5.4959,-2.7217,-2.5373,11.55,26.395,-6.2278,-5.4959,26.395,63.469
1.2592,-0.14854,-2.0451,-8.8388,-0.14854,0.20761,0.54182,1.6288,-2.0451,0.54182,5.5118,16.711,-8.8388,1.6288,16.711,69.325
0.34686,0.10746,-0.5519,-2.8864,0.10746,0.6827,-1.881,-8.2842,-0.5519,-1.881,8.1525,35.985,-2.8864,-8.2842,35.985,163.53
0.91137,-0.036408,-0.74461,-4.9603,-0.036408,0.12496,-0.30177,-0.84938,-0.74461,-0.30177,5.6906,16.41,-4.9603,-0.84938,16.41,61.4
1.386,-0.25227,-1.3075,-6.2211,-0.25227,0.22775,0.20116,1.2479,-1.3075,0.20116,4.7218,13.159,-6.2211,1.2479,13.159,45.234
1.4317,-0.20751,-2.8219,-8.617,-0.20751,0.10728,0.29781,0.96172,-2.8219,0.29781,6.739,20.381,-8.617,0.96172,20.381,64.178
0.28944,0.088716,0.44287,0.72984,0.088716,0.1296,0.087516,0.09551,0.44287,0.087516,12.31,28.159,0.72984,0.09551,28.159,66.66
6.9372,-0.54882,-9.0643,-29.095,-0.54882,0.14973,0.56945,2.2081,-9.0643,0.56945,15.748,45.034,-29.095,2.2081,45.034,136.03
0.60885,0.016764,-0.95993,-3.9176,0.016764,0.1512,0.47353,1.4283,-0.95993,0.47353,9.0665,28.114,-3.9176,1.4283,28.114,92.775
1.2444,-0.11921,-1.3201,-5.1097,-0.11921,0.2306,-0.14792,-1.0457,-1.3201,-0.14792,4.2303,17.058,-5.1097,-1.0457,17.058,72.171
0.68768,-0.1268,0.55755,-1.7914,-0.1268,0.14484,-0.44254,-1.1063,0.55755,-0.44254,2.6537,7.9027,-1.7914,-1.1063,7.9027,52.506
1.8686,0.24702,-3.4551,-16.45,0.24702,0.13374,-0.38904,-1.9167,-3.4551,-0.38904,9.8664,43.912,-16.45,-1.9167,43.912,199.21
6.2512,-1.0003,-1.1289,-23.265,-1.0003,0.27792,0.37218,4.4603,-1.1289,0.37218,3.2917,16.426,-23.265,4.4603,16.426,140.72
1.0075,-0.17126,-1.1474,-4.2337,-0.17126,0.1067,0.20054,0.73718,-1.1474,0.20054,3.6943,12.472,-4.2337,0.73718,12.472,43.479
1.6248,-0.14722,-0.28017,-0.41968,-0.14722,0.13144,0.41161,1.288,-0.28017,0.41161,5.8719,17.253,-0.41968,1.288,17.253,53.257
0.53463,0.054024,-0.31783,-3.3203,0.054024,0.15113,-0.026351,0.075392,-0.31783,-0.026351,4.0837,20.735,-3.3203,0.075392,20.735,120.88
2.0901,0.052888,-4.3823,-13.682,0.052888,0.083215,-0.32844,-0.79567,-4.3823,-0.32844,16.409,41.02,-13.682,-0.79567,41.02,112.46
3.8539,-0.42254,-3.522,-32.9,-0.42254,0.38518,0.66175,3.2018,-3.522,0.66175,4.1846,33.314,-32.9,3.2018,33.314,307.72
0.41814,0.0062398,-0.61215,-3.3464,0.0062398,0.10076,0.23842,0.45543,-0.61215,0.23842,5.6012,17.512,-3.3464,0.45543,17.512,63.519
2.059,-0.43135,-1.9446,-13.75,-0.43135,0.26792,0.39794,3.0822,-1.9446,0.39794,2.4663,16.105,-13.75,3.0822,16.105,111.52
0.47361,-0.01923,-1.518,-5.147,-0.01923,0.27837,0.45098,0.90262,-1.518,0.45098,8.0641,26.334,-5.147,0.90262,26.334,90.825
2.214,-0.17014,-2.0896,-9.4414,-0.17014,0.14345,0.54147,2.2944,-2.0896,0.54147,5.323,18.761,-9.4414,2.2944,18.761,75.517
2.6092,-0.41052,-2.2694,-10.732,-0.41052,0.2721,0.45597,1.6357,-2.2694,0.45597,3.3269,13.6,-10.732,1.6357,13.6,61.238
1.2341,0.010024,-1.912,-8.5358,0.010024,0.19323,0.078741,0.065827,-1.912,0.078741,3.9821,16.118,-8.5358,0.065827,16.118,70.282
3.6887,-0.33261,-4.448,-25.16,-0.33261,0.16161,0.73409,3.3767,-4.448,0.73409,7.3948,37.542,-25.16,3.3767,37.542,200.4
0.28042,0.10532,-0.3086,-2.1671,0.10532,0.26356,-0.48965,-2.5237,-0.3086,-0.48965,3.9344,18.307,-2.1671,-2.5237,18.307,91.775
1.1915,0.0099133,-2.1147,-10.627,0.0099133,0.18373,0.47302,1.7223,-2.1147,0.47302,8.3818,34.299,-10.627,1.7223,34.299,148.65
0.79238,-0.13938,-3.1384,-9.3759,-0.13938,0.13774,0.7099,2.5631,-3.1384,0.7099,16.286,47.735,-9.3759,2.5631,47.735,147.61
0.69316,0.052968,-1.2504,-4.1269,0.052968,0.17673,-0.49847,-1.6828,-1.2504,-0.49847,5.453,17.51,-4.1269,-1.6828,17.51,57.814
0.86785,-0.0066231,-0.67473,-2.0904,-0.0066231,0.18843,0.45253,1.3535,-0.67473,0.45253,3.0027,8.0805,-2.0904,1.3535,8.0805,22.701
0.25161,-0.0069007,-0.53143,-2.3607,-0.0069007,0.10777,-0.14984,-0.57073,-0.53143,-0.14984,5.1411,17.672,-2.3607,-0.57073,17.672,63.277
3.424,-0.80202,-6.9979,-34.548,-0.80202,0.295,1.6484,7.8889,-6.9979,1.6484,16.475,80.813,-34.548,7.8889,80.813,399.11
1.068,-0.23607,-2.1013,-6.836,-0.23607,0.23249,0.54338,1.4202,-2.1013,0.54338,4.9978,15.661,-6.836,1.4202,15.661,51.195
2.9655,-0.26385,-0.24903,-10.246,-0.26385,0.24211,-0.17601,-0.25374,-0.24903,-0.17601,3.6781,14.433,-10.246,-0.25374,14.433,89.775
3.0858,-0.237,-1.5285,-17.295,-0.237,0.15376,0.17946,1.9538,-1.5285,0.17946,1.3144,11.486,-17.295,1.9538,11.486,116.67
0.64516,0.10847,-0.44768,-8.2617,0.10847,0.17648,-0.042833,-1.4891,-0.44768,-0.042833,0.75368,9.1706,-8.2617,-1.4891,9.1706,160.59
2.1087,-0.08427,0.30866,-14.017,-0.08427,0.33311,0.18922,2.5601,0.30866,0.18922,0.47308,-0.011814,-14.017,2.5601,-0.011814,123.07
1.1103,0.31214,0.26089,-11.097,0.31214,0.35177,0.074954,-2.9866,0.26089,0.074954,0.20844,-1.4781,-11.097,-2.9866,-1.4781,165.79
4.4178,-0.30783,-2.7017,-12.811,-0.30783,0.14972,0.027558,0.40909,-2.7017,0.027558,4.4165,15.838,-12.811,0.40909,15.838,61.725
0.79942,0.11055,-0.69923,-5.6144,0.11055,0.27477,-0.095134,-0.77368,-0.69923,-0.095134,1.061,7.8113,-5.6144,-0.77368,7.8113,74.658
2.7226,0.50893,-0.92631,-21.526,0.50893,0.35993,-0.25865,-4.9364,-0.92631,-0.25865,0.45237,7.8343,-21.526,-4.9364,7.8343,182.69
5.035,-0.6135,-1.5864,-23.543,-0.6135,0.3396,0.34481,2.9902,-1.5864,0.34481,0.83003,7.7955,-23.543,2.9902,7.7955,122.2
0.68048,0.14773,-0.39918,-6.2807,0.14773,0.19233,-0.030687,-1.4458,-0.39918,-0.030687,0.38563,4.4509,-6.2807,-1.4458,4.4509,76.61
3.8209,-0.62221,-1.41,-14.146,-0.62221,0.2139,0.2774,2.525,-1.41,0.2774,1.0004,7.3485,-14.146,2.525,7.3485,72.69
8.6514,0.52023,-1.6486,-43.321,0.52023,0.17763,0.03034,-2.494,-1.6486,0.03034,0.75827,9.0027,-43.321,-2.494,9.0027,220.7
2.7151,0.12221,-0.80524,-19.046,0.12221,0.1552,-0.033676,-1.2831,-0.80524,-0.033676,0.38201,6.599,-19.046,-1.2831,6.599,153.12
3.802,-0.57763,0.12532,-18.57,-0.57763,0.27299,-0.10841,2.6658,0.12532,-0.10841,0.21999,-0.21053,-18.57,2.6658,-0.21053,95.201
4.0153,-0.45963,-0.96221,-14.357,-0.45963,0.16174,0.17773,1.6727,-0.96221,0.17773,0.3882,3.872,-14.357,1.6727,3.872,55.476
2.2878,0.22123,-1.6391,-18.286,0.22123,0.15494,-0.10005,-1.236,-1.6391,-0.10005,1.6721,15.155,-18.286,-1.236,15.155,162.99
3.1342,0.15541,-2.596,-20.198,0.15541,0.19564,-0.075133,-0.70422,-2.596,-0.075133,2.7563,20.326,-20.198,-0.70422,20.326,154.41
2.2574,-0.29284,-1.1037,-15.224,-0.29284,0.12274,0.26578,2.9673,-1.1037,0.26578,2.5266,19.155,-15.224,2.9673,19.155,178.85
3.0669,0.10809,-3.3195,-16.265,0.10809,0.24813,-0.01544,-0.0099323,-3.3195,-0.01544,5.5905,25.485,-16.265,-0.0099323,25.485,119.45
4.1846,-0.25081,-2.6132,-21.781,-0.25081,0.29701,0.12797,0.89657,-2.6132,0.12797,2.5985,16.277,-21.781,0.89657,16.277,126.8
8.5177,-1.0171,-3.9943,-35.735,-1.0171,0.3325,0.56197,4.623,-3.9943,0.56197,2.3375,17.966,-35.735,4.623,17.966,155.06
2.7297,-0.33338,-2.3397,-10.203,-0.33338,0.25346,0.30897,0.64115,-2.3397,0.30897,2.9978,11.279,-10.203,0.64115,11.279,48.361
0.86884,0.040995,-1.4938,-10.717,0.040995,0.26352,0.0081218,-1.1173,-1.4938,0.0081218,3.0656,21.104,-10.717,-1.1173,21.104,155.33
0.77929,-0.41826,-0.64995,-5.5402,-0.41826,0.57715,0.4338,2.1855,-0.64995,0.4338,0.90672,5.7744,-5.5402,2.1855,5.7744,52.127
4.7278,-0.46416,-0.20223,-31.072,-0.46416,0.34133,0.092373,3.8175,-0.20223,0.092373,0.4152,3.07,-31.072,3.8175,3.07,219.15
2.9061,-0.84884,0.34222,0.58391,-0.84884,0.71431,-0.068262,-4.0229,0.34222,-0.068262,0.4304,0.65596,0.58391,-4.0229,0.65596,45.101
2.2106,-0.25321,1.5064,-9.3639,-0.25321,0.19053,-0.10046,2.2827,1.5064,-0.10046,1.5779,-6.1787,-9.3639,2.2827,-6.1787,63.448
0.84612,0.29338,0.94831,-5.5811,0.29338,0.2273,0.38647,-2.9785,0.94831,0.38647,1.3616,-7.3826,-5.5811,-2.9785,-7.3826,62.749
1.5587,0.35258,2.2094,-12.028,0.35258,0.14223,0.56709,-3.2559,2.2094,0.56709,3.9322,-19.522,-12.028,-3.2559,-19.522,121.89
2.6238,0.24371,0.80016,-19.297,0.24371,0.2005,0.11865,-3.041,0.80016,0.11865,0.4638,-6.343,-19.297,-3.041,-6.343,166.82
4.6002,0.28808,-1.4282,-41.016,0.28808,0.16412,-0.12696,-3.0041,-1.4282,-0.12696,0.69033,14.158,-41.016,-3.0041,14.158,390.68
3.5301,0.2955,-1.9549,-33.721,0.2955,0.12768,-0.1577,-3.1384,-1.9549,-0.1577,1.2534,20.363,-33.721,-3.1384,20.363,347.36
0.63837,0.11913,0.094851,-6.1397,0.11913,0.34444,0.28884,-2.813,0.094851,0.28884,0.54244,0.3175,-6.1397,-2.813,0.3175,126.28
2.7755,0.016804,-1.6843,-21.794,0.016804,0.10292,-0.0055598,0.041887,-1.6843,-0.0055598,2.0393,18.488,-21.794,0.041887,18.488,207.15
0.48697,0.2241,-1.0484,-4.6515,0.2241,0.23459,-0.6823,-3.0129,-1.0484,-0.6823,5.2805,17.727,-4.6515,-3.0129,17.727,67.813
3.0149,-0.58854,-3.0252,-19.508,-0.58854,0.29198,0.89319,4.409,-3.0252,0.89319,5.0177,22.456,-19.508,4.409,22.456,146.49
2.3198,-0.31422,-1.7289,-12.892,-0.31422,0.16498,0.31836,2.1826,-1.7289,0.31836,2.5337,13.255,-12.892,2.1826,13.255,86.096
0.43403,0.082703,-0.41688,-3.1861,0.082703,0.22154,-0.20267,-1.2476,-0.41688,-0.20267,2.348,12.138,-3.1861,-1.2476,12.138,69.328
8.4196,-0.4842,-17.766,-47.155,-0.4842,0.24648,0.32719,1.4875,-17.766,0.32719,44.07,110.86,-47.155,1.4875,110.86,284.7
0.48311,0.28591,-1.3639,-3.2474,0.28591,0.42982,-1.1342,-2.4747,-1.3639,-1.1342,6.0184,12.981,-3.2474,-2.4747,12.981,29.457
0.25248,-0.09779,-0.3707,-0.98008,-0.09779,0.32012,-1.4211,-2.9621,-0.3707,-1.4211,21.41,45.62,-0.98008,-2.9621,45.62,97.993
1.9897,0.2097,-3.8052,-15.773,0.2097,0.14866,-0.70717,-2.6429,-3.8052,-0.70717,9.5193,37.546,-15.773,-2.6429,37.546,150.46
1.4628,-0.19292,-1.4373,-5.6357,-0.19292,0.25935,-0.23945,-0.22424,-1.4373,-0.23945,4.5957,12.805,-5.6357,-0.22424,12.805,39.259
1.3168,-0.055062,0.18944,-0.6946,-0.055062,0.17144,-0.072179,-0.28676,0.18944,-0.072179,4.9887,15.47,-0.6946,-0.28676,15.47,50.771
0.70463,-0.161,-1.9867,-7.602,-0.161,0.1654,0.35845,1.6189,-1.9867,0.35845,12.523,42.147,-7.602,1.6189,42.147,147.88
6.2043,-1.1055,-7.4833,-37.424,-1.1055,0.387,1.1547,5.9679,-7.4833,1.1547,9.6703,47.238,-37.424,5.9679,47.238,234.06
1.7321,0.13451,-4.1484,-19.19,0.13451,0.095594,-0.3959,-2.0883,-4.1484,-0.3959,10.784,50.411,-19.19,-2.0883,50.411,241.88
5.7919,-0.43305,-10.403,-40.83,-0.43305,0.12674,0.79142,3.1169,-10.403,0.79142,21.196,80.745,-40.83,3.1169,80.745,310.96
1.3315,-0.13729,-2.1159,-9.6676,-0.13729,0.11456,0.31256,1.3434,-2.1159,0.31256,6.6736,30.82,-9.6676,1.3434,30.82,144.76
0.18495,-0.011727,-0.47295,-2.0755,-0.011727,0.12225,0.13084,0.80844,-0.47295,0.13084,7.1355,30.178,-2.0755,0.80844,30.178,129.75
4.452,-0.38476,-2.4118,-19.761,-0.38476,0.19312,-0.047373,0.86412,-2.4118,-0.047373,3.1131,18.17,-19.761,0.86412,18.17,123.8
0.51166,-0.10316,0.84382,7.2177,-0.10316,0.34448,-0.96739,-4.09,0.84382,-0.96739,4.1425,22.341,7.2177,-4.09,22.341,151.79
0.32077,-0.029628,-0.0065047,-0.70048,-0.029628,0.16417,0.10127,-0.17477,-0.0065047,0.10127,0.56982,2.6188,-0.70048,-0.17477,2.6188,42.502
0.56298,0.013488,0.065045,-4.0373,0.013488,0.23831,-0.20663,-2.5421,0.065045,-0.20663,0.81457,2.3511,-4.0373,-2.5421,2.3511,91.817
7.1219,-0.71459,0.086678,-29.912,-0.71459,0.24964,0.055989,3.2282,0.086678,0.055989,0.83213,3.0407,-29.912,3.2282,3.0407,141.75
1.6435,0.24586,-0.569,-4.0806,0.24586,0.56218,-0.99246,-4.2127,-0.569,-0.99246,3.2823,14.773,-4.0806,-4.2127,14.773,71.489
0.55863,-0.10682,0.33528,-0.77911,-0.10682,0.23707,-0.46681,-1.3656,0.33528,-0.46681,1.8643,6.9759,-0.77911,-1.3656,6.9759,41.58
1.1935,-0.18358,0.9962,8.0209,-0.18358,0.14731,-0.16773,-1.2582,0.9962,-0.16773,1.3329,8.1719,8.0209,-1.2582,8.1719,59.689
0.73532,0.0082591,0.17528,-1.1449,0.0082591,0.21705,-0.36543,-2.4274,0.17528,-0.36543,1.5153,7.1434,-1.1449,-2.4274,7.1434,46.813
4.8054,-0.77045,-3.3654,-20.443,-0.77045,0.32685,0.78985,3.8598,-3.3654,0.78985,3.3299,16.639,-20.443,3.8598,16.639,93.783
0.56778,-0.093354,-0.52413,-3.8751,-0.093354,0.21117,0.52451,2.5714,-0.52413,0.52451,3.7278,17.621,-3.8751,2.5714,17.621,90.036
1.6574,0.14477,-2.7479,-10.601,0.14477,0.24704,-0.74249,-3.1346,-2.7479,-0.74249,6.6057,25.304,-10.601,-3.1346,25.304,99.267
2.1717,0.39785,-0.11295,-13.64,0.39785,0.35535,0.27724,-1.2826,-0.11295,0.27724,1.1878,4.9886,-13.64,-1.2826,4.9886,112.14
2.5787,-0.27917,-0.75075,-11.043,-0.27917,0.11998,0.18593,1.0805,-0.75075,0.18593,1.2263,3.8085,-11.043,1.0805,3.8085,53.355
3.3703,-0.69812,-3.1993,-12.494,-0.69812,0.2439,0.61456,2.5149,-3.1993,0.61456,4.6008,19.346,-12.494,2.5149,19.346,86.17
2.6873,-0.67581,-1.9668,-18.154,-0.67581,0.33624,0.52222,3.664,-1.9668,0.52222,2.3728,18.841,-18.154,3.664,18.841,181.68
1.3142,-0.20878,-0.41123,-4.37,-0.20878,0.43059,-0.47906,-2.4267,-0.41123,-0.47906,1.2396,6.8696,-4.37,-2.4267,6.8696,49.121
5.0165,-0.15972,-2.6399,-26.717,-0.15972,0.11577,-0.040401,0.24278,-2.6399,-0.040401,2.248,16.755,-26.717,0.24278,16.755,155.67
0.49562,0.074408,-0.65712,-2.7925,0.074408,0.17716,0.18831,0.093992,-0.65712,0.18831,2.1204,6.3258,-2.7925,0.093992,6.3258,26.249
1.7253,-0.30815,-1.2082,-1.718,-0.30815,0.22278,-0.078915,-3.5448,-1.2082,-0.078915,2.2106,13.186,-1.718,-3.5448,13.186,162.7
1.2306,0.10085,-0.11689,-5.0253,0.10085,0.46769,-0.93016,-6.554,-0.11689,-0.93016,3.0458,17.967,-5.0253,-6.554,17.967,138.98
