"V1","V2","V3","V4","V5","V6","V7","V8","V9","V10"
1,0.389746154740039,-0.0430625205731455,0.261404852577124,-0.46505014967382,-0.202681470743756,-0.157273327175646,0.727070553255192,-0.070967880497059,-0.725166271608266
0.389746154740039,1,0.370241233405556,-0.00611204284133546,0.0928028549731347,0.351653020734178,-0.337671064252732,0.516549707058774,-0.282206301832965,-0.317379529587406
-0.0430625205731455,0.370241233405556,1,0.0988693544438498,0.603323714276629,0.515558645817857,-0.612449682092472,0.0215041966644517,-0.0825892144773296,0.232943097788825
0.261404852577124,-0.00611204284133546,0.0988693544438498,1,-0.0533582610155965,-0.463701125812368,-0.54275737074129,0.0133104416551032,0.544807561294411,-0.103210551109665
-0.46505014967382,0.0928028549731347,0.603323714276629,-0.0533582610155965,1,0.565874976066443,-0.456540125959634,-0.415823614381731,-0.0190839871859902,0.636968634544621
-0.202681470743756,0.351653020734178,0.515558645817857,-0.463701125812368,0.565874976066443,1,-0.164394387854185,0.0352314117321769,-0.471276989310041,0.259153589546169
-0.157273327175646,-0.337671064252732,-0.612449682092472,-0.54275737074129,-0.456540125959634,-0.164394387854185,1,-0.0715772761293281,-0.234957312916976,-0.0950314281250362
0.727070553255192,0.516549707058774,0.0215041966644517,0.0133104416551032,-0.415823614381731,0.0352314117321768,-0.0715772761293281,1,-0.311128340065453,-0.76012256820695
-0.070967880497059,-0.282206301832965,-0.0825892144773296,0.544807561294411,-0.0190839871859902,-0.471276989310041,-0.234957312916976,-0.311128340065453,1,0.157152620105242
-0.725166271608266,-0.317379529587406,0.232943097788825,-0.103210551109665,0.636968634544621,0.259153589546169,-0.0950314281250362,-0.76012256820695,0.157152620105242,1
