"V1","V2","V3","V4","V5","V6","V7","V8","V9","V10"
1,-0.315901688960926,0.0883213482328288,-0.557535492989471,0.729628697621756,-0.411585972980049,0.745503203913111,0.232450888206548,0.42590017799905,0.526759610204709
-0.315901688960926,1,0.319764700378287,0.0517249954581789,-0.269364475761366,0.475379438949413,-0.0473186251480114,-0.0479784602684022,-0.121303171423192,0.0497204832013052
0.0883213482328288,0.319764700378287,1,-0.0310880166842619,-0.148345180583608,0.680613143125496,0.508435142353915,0.379138465505608,0.444858958050819,0.561961929682368
-0.557535492989471,0.0517249954581789,-0.0310880166842619,1,-0.702006023277419,0.261997212809623,-0.499117522089977,0.226291008438103,0.182733311375003,-0.322824903046167
0.729628697621756,-0.269364475761366,-0.148345180583608,-0.702006023277419,1,-0.529575690169581,0.509330917724616,-0.112540857940336,-0.0106020731475303,0.289303274149272
-0.411585972980049,0.475379438949413,0.680613143125496,0.261997212809623,-0.529575690169581,1,0.0647328048458339,0.212097603211007,0.164423752888055,0.233082771297242
0.745503203913111,-0.0473186251480114,0.508435142353915,-0.499117522089977,0.509330917724616,0.0647328048458339,1,0.350742537499396,0.528556412223199,0.723718194559524
0.232450888206548,-0.0479784602684022,0.379138465505608,0.226291008438103,-0.112540857940336,0.212097603211007,0.350742537499396,1,0.652300669749542,0.360293574953078
0.42590017799905,-0.121303171423192,0.444858958050819,0.182733311375003,-0.0106020731475303,0.164423752888055,0.528556412223199,0.652300669749542,1,0.502186845835321
0.526759610204709,0.0497204832013052,0.561961929682368,-0.322824903046167,0.289303274149272,0.233082771297242,0.723718194559524,0.360293574953078,0.502186845835321,1
