"V1","V2","V3","V4","V5","V6","V7","V8","V9","V10"
1,-0.522529928784818,0.0435329474026453,0.605382078767195,0.544837711010304,-0.53805468028138,-0.205810379581757,0.213674502050128,-0.366221257904111,-0.34447506971031
-0.522529928784818,1,0.208411017007097,-0.501719629417588,-0.223300349274037,0.490896055866307,-0.181028533154891,-0.537591819711951,0.442449879412097,0.277674557142438
0.0435329474026453,0.208411017007097,1,0.23832890532372,0.237558731541833,-0.260349259157216,-0.250257272251666,-0.361985485982082,-0.0905340978569538,0.18585637863027
0.605382078767195,-0.501719629417588,0.23832890532372,1,0.427119862766047,-0.824320092722817,0.0411098199256925,0.321139712391105,-0.621781011428397,-0.111357261053665
0.544837711010304,-0.223300349274037,0.237558731541833,0.427119862766047,1,-0.339717512597871,-0.449927774704677,-0.158106782563493,-0.137794467641739,-0.254083726333799
-0.53805468028138,0.490896055866307,-0.260349259157216,-0.824320092722817,-0.339717512597871,1,-0.162319068269773,-0.383966583648567,0.691064787283375,0.0287829089359442
-0.205810379581757,-0.181028533154891,-0.250257272251666,0.0411098199256925,-0.449927774704677,-0.162319068269773,1,0.553314931180291,-0.299016215498393,0.174429929533758
0.213674502050128,-0.537591819711951,-0.361985485982082,0.321139712391105,-0.158106782563493,-0.383966583648567,0.553314931180291,1,-0.458666140544404,-0.104058580008604
-0.366221257904111,0.442449879412097,-0.0905340978569538,-0.621781011428397,-0.137794467641739,0.691064787283375,-0.299016215498393,-0.458666140544404,1,0.00345422907292981
-0.34447506971031,0.277674557142438,0.18585637863027,-0.111357261053665,-0.254083726333799,0.0287829089359442,0.174429929533758,-0.104058580008604,0.00345422907292981,1
