0.92645,0.089212,-0.0039031,0.093081,0.089212,0.23878,1.6559,3.0089,-0.0039031,1.6559,34.122,63.445,0.093081,3.0089,63.445,118.52
0.61733,0.029221,-1.5542,-4.0794,0.029221,0.095487,-0.56002,-1.0796,-1.5542,-0.56002,22.258,44.795,-4.0794,-1.0796,44.795,92.797
0.12999,-0.01377,-0.59639,-1.578,-0.01377,0.24949,1.1406,2.794,-0.59639,1.1406,28.063,70.953,-1.578,2.794,70.953,179.9
14.958,-2.7385,-41.757,-105.87,-2.7385,0.65857,7.7817,19.701,-41.757,7.7817,119.36,301.23,-105.87,19.701,301.23,761.23
1.043,0.069605,-3.9569,-6.594,0.069605,0.11295,-0.15152,-0.33657,-3.9569,-0.15152,32.192,54.171,-6.594,-0.33657,54.171,93.07
1.6511,-0.1862,-5.7033,-11.545,-0.1862,0.2481,1.2831,2.6243,-5.7033,1.2831,25.15,54.88,-11.545,2.6243,54.88,126.86
0.63888,-0.025799,-1.253,-2.0489,-0.025799,0.15175,0.58858,1.0626,-1.253,0.58858,21.767,36.861,-2.0489,1.0626,36.861,63.182
0.7971,0.14916,-1.1807,-5.5352,0.14916,0.12434,-0.062803,-0.71745,-1.1807,-0.062803,12.161,32.711,-5.5352,-0.71745,32.711,99.387
0.34282,0.050662,-1.8666,-4.6725,0.050662,0.1107,-0.57409,-1.4631,-1.8666,-0.57409,23.799,59.678,-4.6725,-1.4631,59.678,151.01
1.0161,-0.038579,-3.707,-7.6539,-0.038579,0.11659,0.30033,0.59107,-3.707,0.30033,19.324,38.416,-7.6539,0.59107,38.416,77.369
0.67247,-0.0071351,-2.3766,-2.9861,-0.0071351,0.12427,-0.31426,-0.31808,-2.3766,-0.31426,14.333,17.679,-2.9861,-0.31808,17.679,22.076
1.7342,0.071034,-4.7722,-11.405,0.071034,0.27379,-0.54135,-1.1422,-4.7722,-0.54135,23.808,52.421,-11.405,-1.1422,52.421,119.63
1.226,-0.10606,-2.6,-4.7224,-0.10606,0.13509,-0.020055,0.017392,-2.6,-0.020055,19.2,36.426,-4.7224,0.017392,36.426,70.447
0.81087,-0.09247,-4.4368,-6.4459,-0.09247,0.25146,-0.069681,-0.57887,-4.4368,-0.069681,33.182,51.46,-6.4459,-0.57887,51.46,81.868
0.4156,0.069159,0.96741,1.4803,0.069159,0.13244,-0.19906,-0.69769,0.96741,-0.19906,12.226,28.387,1.4803,-0.69769,28.387,73.928
2.0988,-0.3758,-6.7559,-19.99,-0.3758,0.29155,1.806,5.0079,-6.7559,1.806,38.727,104.25,-19.99,5.0079,104.25,284.7
1.3542,0.13383,-4.2518,-9.8336,0.13383,0.18138,-0.50838,-1.2232,-4.2518,-0.50838,16.016,35.915,-9.8336,-1.2232,35.915,83.01
1.5499,-0.23355,-9.1491,-20.341,-0.23355,0.11884,1.3644,3.144,-9.1491,1.3644,63.477,139.72,-20.341,3.144,139.72,308.47
1.995,-0.44695,-5.2243,-14.498,-0.44695,0.4379,2.1926,4.5114,-5.2243,2.1926,19.916,46.968,-14.498,4.5114,46.968,122.64
2.5423,-0.43532,-6.062,-10.848,-0.43532,0.50382,0.15838,0.49651,-6.062,0.15838,18.953,33.09,-10.848,0.49651,33.09,58.369
1.0847,0.010198,-2.6467,-4.118,0.010198,0.13196,-0.82499,-0.75493,-2.6467,-0.82499,22.897,30.005,-4.118,-0.75493,30.005,41.067
1.1581,-0.19337,-3.2012,-4.6873,-0.19337,0.4305,0.074403,-0.016444,-3.2012,0.074403,12.223,18.122,-4.6873,-0.016444,18.122,27.433
0.22251,0.042762,-0.011265,0.17332,0.042762,0.3422,-1.1019,-2.1154,-0.011265,-1.1019,11.641,22.345,0.17332,-2.1154,22.345,43.791
0.97519,-0.081368,-4.2929,-8.0622,-0.081368,0.29315,0.67166,0.9164,-4.2929,0.67166,22.026,41.137,-8.0622,0.9164,41.137,78.098
2.7691,-0.60934,-7.7188,-17.23,-0.60934,0.21113,1.964,4.3991,-7.7188,1.964,26.075,59.41,-17.23,4.3991,59.41,136.62
11.79,-1.7232,-23.63,-69.8,-1.7232,0.43564,3.1093,9.7755,-23.63,3.1093,51.048,146.48,-69.8,9.7755,146.48,427.88
1.2422,-0.084646,-5.5749,-12.56,-0.084646,0.17852,0.12039,0.44565,-5.5749,0.12039,59.975,124.12,-12.56,0.44565,124.12,258.67
1.9016,-0.11037,-0.80146,-1.3468,-0.11037,0.071079,-0.25127,-0.53128,-0.80146,-0.25127,16.603,35.701,-1.3468,-0.53128,35.701,77.268
0.88207,-0.16306,0.6678,1.3379,-0.16306,0.13896,-1.1903,-2.2255,0.6678,-1.1903,41.137,77.456,1.3379,-2.2255,77.456,146.21
0.29382,-0.11076,-4.0176,-8.802,-0.11076,0.12654,3.1236,6.6402,-4.0176,3.1236,153.94,330.61,-8.802,6.6402,330.61,712.21
0.91857,-0.23787,-7.0867,-11.391,-0.23787,0.19417,2.5528,4.193,-7.0867,2.5528,65.976,106.58,-11.391,4.193,106.58,172.78
0.94827,-0.16943,-4.191,-8.4395,-0.16943,0.23267,1.076,2.3206,-4.191,1.076,24.017,47.897,-8.4395,2.3206,47.897,96.234
0.41014,-0.0045644,0.56974,0.4769,-0.0045644,0.090343,-0.13802,-0.27425,0.56974,-0.13802,24.245,30.272,0.4769,-0.27425,30.272,38.988
0.49838,-0.045668,3.0606,4.8253,-0.045668,0.091607,-0.66874,-0.98824,3.0606,-0.66874,146,231.71,4.8253,-0.98824,231.71,368.09
2.9506,-0.4861,2.9867,7.6828,-0.4861,0.28425,-1.5616,-3.761,2.9867,-1.5616,16.546,38.643,7.6828,-3.761,38.643,91.236
1.6411,-0.33242,1.0198,-4.0861,-0.33242,0.2873,-0.90575,0.018253,1.0198,-0.90575,14.179,17.775,-4.0861,0.018253,17.775,43.155
0.53267,0.021483,-4.1023,-5.363,0.021483,0.098874,0.0093908,0.030381,-4.1023,0.0093908,47.208,62.985,-5.363,0.030381,62.985,84.775
2.3789,-0.34229,-3.0543,-9.8915,-0.34229,0.24473,-0.65593,0.12917,-3.0543,-0.65593,35.871,59.101,-9.8915,0.12917,59.101,110.36
0.36565,-0.087315,0.75148,1.3167,-0.087315,0.14113,-1.5117,-2.247,0.75148,-1.5117,34.653,49.979,1.3167,-2.247,49.979,72.922
0.72522,0.036195,-5.5397,-10.05,0.036195,0.20982,-0.52096,-0.89482,-5.5397,-0.52096,49.784,89.574,-10.05,-0.89482,89.574,161.59
1.4732,-0.081964,-4.62,-10.853,-0.081964,0.13293,0.27934,0.75443,-4.62,0.27934,27.603,56.526,-10.853,0.75443,56.526,119.53
3.1332,-0.12598,-8.8636,-19.411,-0.12598,0.18453,0.2726,0.35442,-8.8636,0.2726,27.91,60.844,-19.411,0.35442,60.844,133.35
0.18287,-0.11199,0.63868,1.2324,-0.11199,0.46285,-1.5776,-2.591,0.63868,-1.5776,18.013,30.568,1.2324,-2.591,30.568,52.926
1.6525,-0.48992,-6.3427,-15.442,-0.48992,0.3213,2.3776,5.7496,-6.3427,2.3776,28.343,68.36,-15.442,5.7496,68.36,166.29
0.60546,0.0053249,-2.6687,-5.8089,0.0053249,0.16403,0.11584,0.31384,-2.6687,0.11584,23.807,46.099,-5.8089,0.31384,46.099,93.703
3.2785,-0.60484,-8.4553,-16.384,-0.60484,0.25625,1.4787,2.9535,-8.4553,1.4787,24.047,46.87,-16.384,2.9535,46.87,92.123
2.4904,-1.1536,-8.1161,-9.9451,-1.1536,0.73382,4.4721,5.2979,-8.1161,4.4721,35.576,42.645,-9.9451,5.2979,42.645,51.563
2.3818,-0.024293,-8.2399,-16.064,-0.024293,0.12548,0.052364,0.30263,-8.2399,0.052364,33.673,63.971,-16.064,0.30263,63.971,123.86
1.1389,-0.20286,-5.6754,-12.686,-0.20286,0.16646,1.0626,2.4086,-5.6754,1.0626,35.914,75.866,-12.686,2.4086,75.866,163.47
0.75233,-0.095072,-0.30295,-1.3579,-0.095072,0.26223,-1.0066,-2.1368,-0.30295,-1.0066,10.613,22.912,-1.3579,-2.1368,22.912,51.465
0.95022,0.11785,-1.0379,-6.3627,0.11785,0.11017,0.2149,0.014928,-1.0379,0.2149,17.088,39.535,-6.3627,0.014928,39.535,111.05
1.2073,-0.11817,-1.4819,-5.6139,-0.11817,0.13054,0.24914,0.55644,-1.4819,0.24914,13.105,39.686,-5.6139,0.55644,39.686,122.87
1.4216,-0.18875,-1.6434,-4.0327,-0.18875,0.1301,0.42374,1.0069,-1.6434,0.42374,15.493,26.698,-4.0327,1.0069,26.698,47.743
2.0265,0.047497,-4.6806,-9.4815,0.047497,0.18841,-0.89284,-1.1603,-4.6806,-0.89284,22.585,37.888,-9.4815,-1.1603,37.888,68.683
1.2239,-0.28114,0.9811,1.9624,-0.28114,0.33761,-1.716,-3.0302,0.9811,-1.716,21.774,36.784,1.9624,-3.0302,36.784,62.559
0.50778,0.046617,-0.049578,-1.3943,0.046617,0.25078,-1.8875,-4.5539,-0.049578,-1.8875,24.647,55.967,-1.3943,-4.5539,55.967,131.6
1.7701,-0.21547,2.9075,3.2112,-0.21547,0.19359,-0.92709,-1.4704,2.9075,-0.92709,19.506,36.56,3.2112,-1.4704,36.56,73.427
1.5597,-0.020243,-2.5861,-10.026,-0.020243,0.22739,-0.43715,-1.0788,-2.5861,-0.43715,11.277,33.95,-10.026,-1.0788,33.95,109.09
3.0804,-0.6908,7.2963,18.804,-0.6908,0.366,-2.2177,-4.8521,7.2963,-2.2177,22.291,54.09,18.804,-4.8521,54.09,136.44
0.96745,-0.28399,0.14516,-1.4725,-0.28399,0.34389,-1.8708,-2.9652,0.14516,-1.8708,27.743,53.165,-1.4725,-2.9652,53.165,105.83
2.3882,-0.10218,-5.4557,-15.363,-0.10218,0.32369,-0.20452,-0.84697,-5.4557,-0.20452,24.57,65.683,-15.363,-0.84697,65.683,177.28
1.6499,-0.47625,-1.8826,-14.61,-0.47625,0.41268,1.3598,6.1422,-1.8826,1.3598,10.814,38.13,-14.61,6.1422,38.13,187.32
3.026,-0.44628,-3.0333,-14.448,-0.44628,0.21406,0.44809,2.2966,-3.0333,0.44809,5.3774,21.235,-14.448,2.2966,21.235,90.943
1.7365,-0.29105,-6.5206,-19.147,-0.29105,0.22628,1.0115,3.0854,-6.5206,1.0115,30.457,87.198,-19.147,3.0854,87.198,250.97
0.88812,-0.20812,0.68764,-0.48462,-0.20812,0.57464,-2.7176,-6.7107,0.68764,-2.7176,16.141,43.85,-0.48462,-6.7107,43.85,130.44
0.12183,-0.0050759,0.041822,-0.043035,-0.0050759,0.18601,-1.1037,-2.5275,0.041822,-1.1037,9.6569,22.171,-0.043035,-2.5275,22.171,52.478
0.61003,-0.012835,0.24547,0.26165,-0.012835,0.061648,-0.37408,-1.398,0.24547,-0.37408,8.4428,31.415,0.26165,-1.398,31.415,119.35
0.20386,-0.16579,1.3902,2.9329,-0.16579,0.55388,-3.2906,-6.9339,1.3902,-3.2906,34.884,70.671,2.9329,-6.9339,70.671,145.22
1.1895,-0.34848,2.4745,5.1003,-0.34848,0.21799,-1.3022,-2.4467,2.4745,-1.3022,12.398,22.201,5.1003,-2.4467,22.201,40.978
0.69154,0.39919,-1.5087,-4.857,0.39919,0.42118,-1.4906,-5.0189,-1.5087,-1.4906,19.915,54.678,-4.857,-5.0189,54.678,155.96
0.73833,-0.04276,-3.0571,-4.9631,-0.04276,0.29375,-1.2489,-2.0465,-3.0571,-1.2489,46.281,69.645,-4.9631,-2.0465,69.645,105.68
2.117,-0.18215,2.0303,-1.3306,-0.18215,0.10712,-0.68414,-0.63459,2.0303,-0.68414,13.049,15.506,-1.3306,-0.63459,15.506,27.849
0.66242,-0.21381,-1.8985,-3.7891,-0.21381,0.30084,0.61679,1.2735,-1.8985,0.61679,35.51,71.528,-3.7891,1.2735,71.528,145.43
9.3177,1.0488,-25.82,-68.283,1.0488,0.49484,-5.893,-12.113,-25.82,-5.893,108.14,241.54,-68.283,-12.113,241.54,576.58
2.2634,-0.02371,-7.0247,-13.625,-0.02371,0.27413,-3.2069,-3.6907,-7.0247,-3.2069,84.92,116.16,-13.625,-3.6907,116.16,169.42
0.55375,-0.097146,3.9655,5.9451,-0.097146,0.23088,-2.7784,-3.9551,3.9655,-2.7784,71.141,102.84,5.9451,-3.9551,102.84,149.26
0.97968,0.027637,-4.5467,-5.9466,0.027637,0.17843,-0.0068331,-0.20295,-4.5467,-0.0068331,43.872,58.308,-5.9466,-0.20295,58.308,78.359
0.86507,0.10321,-5.2864,-7.9921,0.10321,0.21936,-0.40443,-0.73057,-5.2864,-0.40443,39.099,59.085,-7.9921,-0.73057,59.085,89.647
1.2227,-0.74389,-9.5587,-11.212,-0.74389,0.63844,6.3448,7.4396,-9.5587,6.3448,114.54,123.22,-11.212,7.4396,123.22,135.14
11.988,-0.69434,-23.693,-39.293,-0.69434,0.64452,-0.24607,0.70499,-23.693,-0.24607,59.029,89.599,-39.293,0.70499,89.599,141.33
1.0455,-0.23454,-4.6815,-6.9096,-0.23454,0.14987,1.0638,1.6216,-4.6815,1.0638,27.553,39.497,-6.9096,1.6216,39.497,57.21
2.0119,-0.33615,-10.604,-14.263,-0.33615,0.12736,2.0751,2.7559,-10.604,2.0751,61.166,81.015,-14.263,2.7559,81.015,108.71
0.22793,-0.049245,-0.91782,-1.487,-0.049245,0.20361,0.2464,0.43444,-0.91782,0.2464,33.431,47.539,-1.487,0.43444,47.539,68.159
0.47482,-0.12535,-3.0719,-3.7081,-0.12535,0.16287,0.94081,1.1409,-3.0719,0.94081,22.704,27.396,-3.7081,1.1409,27.396,33.721
0.56183,0.3781,-4.8902,-5.7175,0.3781,0.58362,-4.1507,-4.9772,-4.8902,-4.1507,48.3,56.104,-5.7175,-4.9772,56.104,65.754
0.47216,-0.14129,1.5926,2.199,-0.14129,0.32865,-2.0152,-3.142,1.5926,-2.0152,24.009,37.168,2.199,-3.142,37.168,58.522
0.69479,-0.53908,5.3328,7.728,-0.53908,0.92808,-6.4057,-9.4447,5.3328,-6.4057,64.115,93.765,7.728,-9.4447,93.765,137.81
3.4997,0.098992,-4.0317,-12.559,0.098992,0.15124,-0.8569,-1.9072,-4.0317,-0.8569,17.826,42.295,-12.559,-1.9072,42.295,104.76
3.3852,-0.26071,-7.5787,-22.586,-0.26071,0.21326,-0.26793,0.12617,-7.5787,-0.26793,25.435,66.433,-22.586,0.12617,66.433,181.53
1.8014,-0.13794,-3.0234,-10.516,-0.13794,0.2017,-0.07519,0.018545,-3.0234,-0.07519,11.097,30.172,-10.516,0.018545,30.172,90.665
0.29287,0.011377,-1.4495,-1.7619,0.011377,0.11516,-0.15207,-0.19718,-1.4495,-0.15207,10.82,13.671,-1.7619,-0.19718,13.671,17.637
0.81382,-0.059135,0.6899,1.0007,-0.059135,0.37503,-2.3597,-5.1719,0.6899,-2.3597,34.12,71.079,1.0007,-5.1719,71.079,149.24
0.85546,-0.26459,0.33765,-0.2179,-0.26459,0.29996,-0.84126,-1.5817,0.33765,-0.84126,25.478,57.144,-0.2179,-1.5817,57.144,134.02
0.90693,-0.061402,1.2155,0.7518,-0.061402,0.60533,-3.7836,-9.9683,1.2155,-3.7836,32.16,82.996,0.7518,-9.9683,82.996,221.74
4.8438,-0.5107,-0.93488,-10.583,-0.5107,0.14095,-0.88336,-0.25471,-0.93488,-0.88336,22.442,34.227,-10.583,-0.25471,34.227,70.921
1.5058,-0.21406,3.2422,0.46146,-0.21406,0.19789,-2.0186,-2.9908,3.2422,-2.0186,40.466,63.555,0.46146,-2.9908,63.555,122.79
0.68327,-0.02199,-1.9657,-3.7732,-0.02199,0.13795,0.16789,0.20757,-1.9657,0.16789,8.7882,16.126,-3.7732,0.20757,16.126,30.315
1.3973,-0.022246,-3.5402,-11.06,-0.022246,0.57081,-0.22035,-0.050522,-3.5402,-0.22035,17.821,53.016,-11.06,-0.050522,53.016,160.43
1.2858,-0.23297,-2.3623,-7.6107,-0.23297,0.16603,0.26987,0.93052,-2.3623,0.26987,10.973,31.424,-7.6107,0.93052,31.424,91.696
1.5178,0.10721,-1.9882,-5.7746,0.10721,0.22908,-0.04577,-0.50666,-1.9882,-0.04577,5.3625,11.946,-5.7746,-0.50666,11.946,31.709
1.817,-0.010168,-2.1468,-6.3774,-0.010168,0.099615,-0.02297,-0.016371,-2.1468,-0.02297,6.6523,14.577,-6.3774,-0.016371,14.577,35.827
0.3494,0.17474,-0.71408,-1.1589,0.17474,0.33552,-1.568,-1.8514,-0.71408,-1.568,14.719,15.675,-1.1589,-1.8514,15.675,18.259
1.6015,0.017798,-3.7133,-10.135,0.017798,0.31461,-0.39235,-0.83054,-3.7133,-0.39235,13.809,31.893,-10.135,-0.83054,31.893,78.725
0.27482,-0.22143,1.8544,4.0471,-0.22143,0.36826,-2.6052,-5.6291,1.8544,-2.6052,22.672,49.201,4.0471,-5.6291,49.201,108.71
0.53034,-0.17474,-0.41317,-1.1874,-0.17474,0.19607,-0.3892,-0.72604,-0.41317,-0.3892,24.429,44.811,-1.1874,-0.72604,44.811,83.609
1.3222,-0.23459,4.0452,3.0442,-0.23459,0.16108,-1.1366,-0.83492,4.0452,-1.1366,21.863,17.527,3.0442,-0.83492,17.527,14.534
0.1421,-0.091611,-0.049133,-0.30461,-0.091611,0.22595,-1.3934,-2.3823,-0.049133,-1.3934,35.978,65.166,-0.30461,-2.3823,65.166,118.83
1.1631,0.3119,-4.4569,-10.325,0.3119,0.40189,-2.9851,-6.4425,-4.4569,-2.9851,36.152,78.005,-10.325,-6.4425,78.005,171.28
0.20165,-0.12064,-0.64604,-0.52416,-0.12064,0.48071,-1.2654,-1.5516,-0.64604,-1.2654,17.295,18.306,-0.52416,-1.5516,18.306,19.754
0.48416,0.07663,-2.1536,-3.7364,0.07663,0.17048,-0.44627,-0.77227,-2.1536,-0.44627,28.074,43.76,-3.7364,-0.77227,43.76,69.42
0.35189,0.11504,-1.5806,-2.8851,0.11504,0.14321,-0.93666,-1.9008,-1.5806,-0.93666,15.658,30.642,-2.8851,-1.9008,30.642,62.215
0.60311,0.029751,-2.8114,-5.864,0.029751,0.097654,-0.16969,-0.20183,-2.8114,-0.16969,18.506,37.139,-5.864,-0.20183,37.139,77.564
0.89147,-0.27358,-3.8486,-7.461,-0.27358,0.36381,2.3617,4.0995,-3.8486,2.3617,28.863,52.263,-7.461,4.0995,52.263,95.79
0.77602,0.050221,-2.4913,-3.9607,0.050221,0.12381,-0.45723,-0.45636,-2.4913,-0.45723,16.983,21.86,-3.9607,-0.45636,21.86,30.495
0.24906,-0.14718,0.69717,1.3341,-0.14718,0.41641,-1.867,-3.8437,0.69717,-1.867,17.933,36.136,1.3341,-3.8437,36.136,73.449
0.41135,0.080175,-1.7353,-2.3622,0.080175,0.083307,-0.22571,-0.31632,-1.7353,-0.22571,16.507,21.244,-2.3622,-0.31632,21.244,27.841
7.3303,0.45372,-18.553,-30.904,0.45372,0.31008,-0.8943,-1.5017,-18.553,-0.8943,49.404,82.733,-30.904,-1.5017,82.733,139.01
0.14041,0.017902,-0.99544,-1.6543,0.017902,0.086471,-0.21626,-0.36662,-0.99544,-0.21626,17,29.035,-1.6543,-0.36662,29.035,50.207
0.60269,0.080895,-2.3125,-3.1372,0.080895,0.09387,-0.19049,-0.36925,-2.3125,-0.19049,18.571,28.011,-3.1372,-0.36925,28.011,43.377
1.3528,0.063255,-6.2458,-8.3715,0.063255,0.045076,-0.36636,-0.49147,-6.2458,-0.36636,34.792,45.946,-8.3715,-0.49147,45.946,61.066
0.70588,0.19119,-5.0689,-7.1734,0.19119,0.15948,-1.2378,-1.7674,-5.0689,-1.2378,45.837,64.542,-7.1734,-1.7674,64.542,91.322
1.3961,-0.24249,-2.5316,-5.7549,-0.24249,0.28541,-2.5576,-2.6696,-2.5316,-2.5576,67.455,88.071,-5.7549,-2.6696,88.071,120.42
0.31986,0.002613,-2.2103,-2.9602,0.002613,0.084544,-0.55238,-0.76117,-2.2103,-0.55238,36.163,49.174,-2.9602,-0.76117,49.174,67.697
4.4977,-0.91185,-8.4269,-15.588,-0.91185,0.33382,1.3017,2.5333,-8.4269,1.3017,33.416,49.072,-15.588,2.5333,49.072,78.32
1.7458,0.16443,-6.9868,-10.562,0.16443,0.20679,-0.81192,-1.1386,-6.9868,-0.81192,35.537,50.227,-10.562,-1.1386,50.227,72.704
1.5364,-0.11782,-6.8379,-11.804,-0.11782,0.10938,0.61236,1.0231,-6.8379,0.61236,35.258,61.578,-11.804,1.0231,61.578,108.34
1.0541,0.36191,-6.135,-14.325,0.36191,0.7427,-4.2266,-9.7695,-6.135,-4.2266,50.841,117.85,-14.325,-9.7695,117.85,274
1.2562,-0.013326,-3.262,-6.8061,-0.013326,0.088508,-0.43425,-0.65502,-3.262,-0.43425,19.647,32.167,-6.8061,-0.65502,32.167,56.667
4.0736,-1.0171,-5.5419,-10.268,-1.0171,0.40882,1.5446,2.6848,-5.5419,1.5446,107.64,141.23,-10.268,2.6848,141.23,188.12
1.7195,-0.37529,-6.1101,-10.519,-0.37529,0.29192,1.2358,2.0185,-6.1101,1.2358,27.13,45.907,-10.519,2.0185,45.907,78.531
2.6941,-0.31455,-2.3678,-10.142,-0.31455,0.392,2.8577,6.0522,-2.3678,2.8577,39.779,83.654,-10.142,6.0522,83.654,187.94
0.2235,-0.067148,-0.27875,-0.69176,-0.067148,0.2667,-1.9998,-3.4975,-0.27875,-1.9998,45.751,80.217,-0.69176,-3.4975,80.217,141.18
2.1506,-0.62272,-3.8873,-5.0672,-0.62272,0.32303,1.9432,2.6395,-3.8873,1.9432,37.582,51.228,-5.0672,2.6395,51.228,70.209
12.797,-2.2512,-31.042,-59.277,-2.2512,0.76596,5.7771,10.834,-31.042,5.7771,87.473,160.72,-59.277,10.834,160.72,298.41
2.788,-0.21525,-10.017,-11.602,-0.21525,0.14118,0.37416,0.42117,-10.017,0.37416,49.765,57.272,-11.602,0.42117,57.272,66.075
0.32422,0.028884,-1.708,-2.2065,0.028884,0.172,0.29979,0.23311,-1.708,0.29979,22.716,25.572,-2.2065,0.23311,25.572,29.769
1.5998,-0.14791,-1.9239,-4.7744,-0.14791,0.15751,-1.0848,-1.4972,-1.9239,-1.0848,40.695,63.203,-4.7744,-1.4972,63.203,100.78
0.29455,-0.28479,3.6865,3.0953,-0.28479,0.56771,-5.314,-4.6461,3.6865,-5.314,68.912,59.129,3.0953,-4.6461,59.129,51.192
0.40991,-0.21462,4.6712,5.7575,-0.21462,0.37181,-4.6023,-5.76,4.6712,-4.6023,89.038,109.55,5.7575,-5.76,109.55,135.17
0.57312,-0.040385,-3.3236,-3.3249,-0.040385,0.13062,0.56973,0.45879,-3.3236,0.56973,52.752,53.222,-3.3249,0.45879,53.222,54.189
1.4939,-0.29344,-7.5214,-14.437,-0.29344,0.23082,1.5572,3.0928,-7.5214,1.5572,39.871,76.402,-14.437,3.0928,76.402,147.28
0.46449,0.048494,-4.4406,-5.2422,0.048494,0.15913,-1.6309,-2.1161,-4.4406,-1.6309,90.677,108.57,-5.2422,-2.1161,108.57,131.05
1.2403,-0.2551,-6.7828,-10.486,-0.2551,0.15022,1.0378,1.7007,-6.7828,1.0378,53.773,82.349,-10.486,1.7007,82.349,128.73
3.4377,0.016178,-19.421,-29.255,0.016178,0.10131,0.31693,0.46568,-19.421,0.31693,125.12,189.58,-29.255,0.46568,189.58,287.69
0.91237,-0.059688,-2.4112,-1.9816,-0.059688,0.19541,0.51149,0.56527,-2.4112,0.51149,39.22,46.71,-1.9816,0.56527,46.71,57.009
2.3113,-0.17849,-6.1138,-13.454,-0.17849,0.16849,0.081689,0.52869,-6.1138,0.081689,27.888,54.169,-13.454,0.52869,54.169,109.08
1.85,-0.71342,-11.056,-22.629,-0.71342,0.41434,4.4983,8.7857,-11.056,4.4983,79.234,159.72,-22.629,8.7857,159.72,324.63
1.5598,0.0034619,-6.7204,-11.845,0.0034619,0.14978,0.56996,0.70702,-6.7204,0.56996,43.374,64.504,-11.845,0.70702,64.504,106.06
0.34922,-0.12716,-2.5476,-4.0522,-0.12716,0.18761,0.94062,1.7469,-2.5476,0.94062,26.54,41.125,-4.0522,1.7469,41.125,67.494
0.42771,-0.045884,-0.82333,-1.34,-0.045884,0.10774,0.91471,1.5151,-0.82333,0.91471,29.871,47.598,-1.34,1.5151,47.598,76.502
2.5295,-0.11847,-15.32,-22.048,-0.11847,0.20175,0.28606,0.42994,-15.32,0.28606,101.68,144.85,-22.048,0.42994,144.85,207.22
3.51,-0.37355,-16.145,-23.181,-0.37355,0.12095,1.4636,2.2475,-16.145,1.4636,90.63,118.81,-23.181,2.2475,118.81,163.91
6.6976,-1.0805,-24.781,-43.038,-1.0805,0.31406,4.4022,7.4822,-24.781,4.4022,102.98,179.37,-43.038,7.4822,179.37,313.37
5.1509,-0.083301,-16.398,-33.621,-0.083301,0.1214,0.5915,1.2211,-16.398,0.5915,60.636,120.79,-33.621,1.2211,120.79,243
1.4978,0.41221,-7.3398,-13.22,0.41221,0.34684,-2.5917,-4.5775,-7.3398,-2.5917,43.911,78.893,-13.22,-4.5775,78.893,142.16
0.69026,-0.072113,-4.6982,-8.3475,-0.072113,0.095385,0.50984,0.68281,-4.6982,0.50984,36.928,64.906,-8.3475,0.68281,64.906,115.56
0.99255,-0.11469,2.0319,2.9722,-0.11469,0.21861,0.096634,-0.028321,2.0319,0.096634,53.223,68.802,2.9722,-0.028321,68.802,89.65
3.48,-0.66305,-11.511,-18.195,-0.66305,0.20902,2.6098,4.0388,-11.511,2.6098,46.716,72.009,-18.195,4.0388,72.009,111.64
0.71778,0.078826,-4.599,-6.0793,0.078826,0.11118,-0.35132,-0.5812,-4.599,-0.35132,44.735,57.483,-6.0793,-0.5812,57.483,74.366
2.2164,-0.23228,-9.408,-16.589,-0.23228,0.17841,1.1315,2.0354,-9.408,1.1315,51.593,90.621,-16.589,2.0354,90.621,160.18
1.0338,0.12449,-5.4603,-12.556,0.12449,0.14859,-0.80484,-1.9049,-5.4603,-0.80484,34.686,80.099,-12.556,-1.9049,80.099,185.4
3.1626,-0.1987,-9.0204,-21.729,-0.1987,0.20204,0.64349,1.3069,-9.0204,0.64349,33.363,80.856,-21.729,1.3069,80.856,197.15
0.25154,-0.0995,-0.94359,-1.9737,-0.0995,0.24608,-0.92368,-1.9591,-0.94359,-0.92368,58.744,121.08,-1.9737,-1.9591,121.08,250.03
1.1896,-0.28411,-4.2208,-9.4194,-0.28411,0.27737,0.97289,2.0392,-4.2208,0.97289,21.464,41.616,-9.4194,2.0392,41.616,89.685
0.63811,-0.030959,-2.5171,-5.627,-0.030959,0.13155,0.5998,1.6565,-2.5171,0.5998,22.783,57.286,-5.627,1.6565,57.286,147.13
4.7176,-0.79641,-25.477,-46.588,-0.79641,0.24052,4.2907,7.909,-25.477,4.2907,142.24,259.17,-46.588,7.909,259.17,473.26
1.0183,-0.14671,-1.3664,-2.2969,-0.14671,0.13469,0.49062,0.7919,-1.3664,0.49062,78.08,115.2,-2.2969,0.7919,115.2,170.53
0.87748,-0.13776,-5.1587,-7.5298,-0.13776,0.24191,1.5226,1.8979,-5.1587,1.5226,37.92,54.134,-7.5298,1.8979,54.134,78.521
1.0898,-0.23101,-4.8853,-9.0783,-0.23101,0.22785,1.7849,3.2808,-4.8853,1.7849,33.263,61.377,-9.0783,3.2808,61.377,114.57
1.4318,-0.43632,-5.8514,-11.887,-0.43632,0.43059,2.3799,4.4204,-5.8514,2.3799,26.946,53.464,-11.887,4.4204,53.464,109.74
1.4351,-0.55511,-7.7323,-13.074,-0.55511,0.46361,3.1612,5.0749,-7.7323,3.1612,46.766,79.375,-13.074,5.0749,79.375,136.63
0.81891,0.047453,-3.5258,-8.1926,0.047453,0.22984,-0.56075,-1.7439,-3.5258,-0.56075,25.254,57.517,-8.1926,-1.7439,57.517,132.92
1.1068,-0.091441,-4.4339,-8.7404,-0.091441,0.23437,0.003833,-0.13049,-4.4339,0.003833,22.561,44.749,-8.7404,-0.13049,44.749,93.167
2.6049,-0.0043207,-8.1828,-21.035,-0.0043207,0.31631,0.72461,1.4249,-8.1828,0.72461,36.57,88.58,-21.035,1.4249,88.58,217.21
0.49282,-0.064634,-1.3363,-4.9841,-0.064634,0.14607,0.81774,2.72,-1.3363,0.81774,17.735,59.844,-4.9841,2.72,59.844,204.69
0.17309,-0.0020219,-0.93493,-2.7044,-0.0020219,0.45873,-1.7242,-4.5938,-0.93493,-1.7242,26.564,68.865,-2.7044,-4.5938,68.865,179.86
0.62175,0.0043756,-0.88828,-2.8647,0.0043756,0.094645,0.31451,0.76751,-0.88828,0.31451,19.947,49.208,-2.8647,0.76751,49.208,123.83
0.49083,-0.18863,-1.5559,-3.8765,-0.18863,0.29984,1.2614,2.5678,-1.5559,1.2614,20.386,44.369,-3.8765,2.5678,44.369,99.062
5.2452,-0.54006,-10.458,-32.394,-0.54006,0.19319,1.578,2.2909,-10.458,1.578,30.89,72.432,-32.394,2.2909,72.432,239.17
1.531,-0.14953,-5.2028,-9.2479,-0.14953,0.22183,0.58599,1.0854,-5.2028,0.58599,20.856,36.982,-9.2479,1.0854,36.982,66.101
1.0098,-0.31106,-3.0012,-4.9705,-0.31106,0.62416,6.1932,8.5306,-3.0012,6.1932,73.579,103,-4.9705,8.5306,103,146.22
1.8816,-0.78763,-8.0517,-20.617,-0.78763,0.54695,3.906,9.7908,-8.0517,3.906,45.487,110.54,-20.617,9.7908,110.54,273.11
0.19342,0.0064629,-1.2707,-2.4134,0.0064629,0.20355,-0.45263,-0.81142,-1.2707,-0.45263,19.017,24.773,-2.4134,-0.81142,24.773,47.831
2.8861,-0.39609,-10.136,-29.57,-0.39609,0.13916,1.6129,4.4196,-10.136,1.6129,44.805,124.75,-29.57,4.4196,124.75,353
4.6607,-0.51288,-5.4168,-25.921,-0.51288,0.1218,0.8025,3.5498,-5.4168,0.8025,13.248,56.219,-25.921,3.5498,56.219,245
8.6109,-0.90749,-8.0369,-47.455,-0.90749,0.2559,0.9101,5.1754,-8.0369,0.9101,11.407,56.267,-47.455,5.1754,56.267,301.68
2.5418,-0.13263,-1.5311,-16.867,-0.13263,0.10365,-0.20602,-0.062048,-1.5311,-0.20602,6.6753,28.211,-16.867,-0.062048,28.211,170.59
2.4081,0.27766,-2.1764,-17.009,0.27766,0.24995,0.18982,0.050013,-2.1764,0.18982,5.4377,27.733,-17.009,0.050013,27.733,174.82
0.74944,-0.19027,0.31608,0.4585,-0.19027,0.26165,-0.79795,-1.8515,0.31608,-0.79795,9.0485,21.598,0.4585,-1.8515,21.598,52.103
1.2261,0.31822,-0.65139,-6.5236,0.31822,0.28041,-0.45155,-3.22,-0.65139,-0.45155,6.0059,31.347,-6.5236,-3.22,31.347,175.23
2.0147,-0.26774,-1.2295,-10.043,-0.26774,0.14011,0.22798,1.9184,-1.2295,0.22798,2.076,16.669,-10.043,1.9184,16.669,143.2
2.5039,-0.22751,-2.9023,-14.57,-0.22751,0.18956,0.58681,1.7495,-2.9023,0.58681,7.2484,24.091,-14.57,1.7495,24.091,102.65
0.91555,-0.10757,-0.96689,-8.7494,-0.10757,0.1367,0.64815,3.0161,-0.96689,0.64815,11.35,52.134,-8.7494,3.0161,52.134,266.93
2.1056,-0.26044,-0.41825,-8.6357,-0.26044,0.13839,0.20208,1.8449,-0.41825,0.20208,1.1403,7.3013,-8.6357,1.8449,7.3013,70.603
3.4375,-0.92496,-3.1054,-23.313,-0.92496,0.50197,0.83606,6.7155,-3.1054,0.83606,3.4622,23.501,-23.313,6.7155,23.501,170.4
0.64073,0.28787,-0.37618,-6.4559,0.28787,0.25438,-0.062603,-3.0973,-0.37618,-0.062603,3.1138,11.868,-6.4559,-3.0973,11.868,96.87
1.9163,0.089706,0.66099,-11.887,0.089706,0.66257,1.6251,4.1299,0.66099,1.6251,7.4839,16.116,-11.887,4.1299,16.116,137.34
1.405,0.024971,-2.4353,-10.296,0.024971,0.15267,-0.2463,-0.53954,-2.4353,-0.2463,12.939,33.337,-10.296,-0.53954,33.337,105.16
0.9297,0.035297,1.2193,0.13149,0.035297,0.097885,-0.40341,-1.7516,1.2193,-0.40341,6.6338,19.302,0.13149,-1.7516,19.302,75.661
2.0839,-0.026041,-0.56149,-12.695,-0.026041,0.11977,-0.26326,-0.037389,-0.56149,-0.26326,4.6681,12.424,-12.695,-0.037389,12.424,99.745
1.8664,-0.044869,1.7326,-3.5009,-0.044869,0.088155,-0.025503,-0.12193,1.7326,-0.025503,5.5576,14.849,-3.5009,-0.12193,14.849,118.23
6.4278,-0.19321,-1.5545,-11.239,-0.19321,0.44657,1.9492,7.0755,-1.5545,1.9492,14.81,51.941,-11.239,7.0755,51.941,189.79
1.7629,-0.2454,-1.2772,-8.0365,-0.2454,0.32505,0.52412,1.1181,-1.2772,0.52412,3.3333,13.417,-8.0365,1.1181,13.417,77.374
2.6734,-0.28878,-1.4033,-17.726,-0.28878,0.092369,0.28026,2.5791,-1.4033,0.28026,1.7869,14.083,-17.726,2.5791,14.083,144.9
0.29582,-0.060841,0.61259,2.4846,-0.060841,0.18053,-0.074283,-0.18858,0.61259,-0.074283,3.3689,12.616,2.4846,-0.18858,12.616,49.535
2.5262,-0.15846,-1.7952,-15.544,-0.15846,0.23899,0.33661,1.4588,-1.7952,0.33661,1.9376,13.628,-15.544,1.4588,13.628,110.65
1.4419,-0.23363,-0.37981,-7.9404,-0.23363,0.2839,0.040314,1.0535,-0.37981,0.040314,0.29634,3.2502,-7.9404,1.0535,3.2502,63.998
0.99275,-0.15715,-0.62598,-2.7333,-0.15715,0.13479,-0.027752,-0.026164,-0.62598,-0.027752,2.0953,7.2507,-2.7333,-0.026164,7.2507,25.975
1.4293,-0.36414,-0.69172,-2.3768,-0.36414,0.22583,0.35859,1.4703,-0.69172,0.35859,2.8521,13.035,-2.3768,1.4703,13.035,67.555
0.82454,0.23336,-0.80738,-6.0384,0.23336,0.17026,-0.19218,-1.7022,-0.80738,-0.19218,2.4893,12.415,-6.0384,-1.7022,12.415,72.009
1.8545,-0.29808,-1.3448,-7.8701,-0.29808,0.26849,0.1007,0.52287,-1.3448,0.1007,2.8908,12.73,-7.8701,0.52287,12.73,60.902
2.2972,-0.28048,-1.768,-10.2,-0.28048,0.21358,0.39523,2.4777,-1.768,0.39523,7.4861,23.804,-10.2,2.4777,23.804,94.73
0.55624,0.076748,-1.0344,-2.5994,0.076748,0.077001,-0.044178,-0.035137,-1.0344,-0.044178,6.6749,16.779,-2.5994,-0.035137,16.779,42.679
1.422,-0.45424,-2.4408,-7.3703,-0.45424,0.2935,0.72351,2.318,-2.4408,0.72351,5.9908,16.677,-7.3703,2.318,16.677,47.826
0.71154,-0.49067,0.32704,0.7521,-0.49067,0.4824,-0.3173,-0.81294,0.32704,-0.3173,3.0658,5.7464,0.7521,-0.81294,5.7464,11.649
0.59106,0.20116,-2.6753,-5.4655,0.20116,0.26445,-1.3717,-2.6481,-2.6753,-1.3717,17.554,35.194,-5.4655,-2.6481,35.194,71.53
1.1814,-0.057729,-2.0625,-9.621,-0.057729,0.18154,0.18429,-0.18207,-2.0625,0.18429,5.0019,19.426,-9.621,-0.18207,19.426,102.9
2.1003,-0.077489,-1.6959,-12.786,-0.077489,0.10675,0.12957,0.71409,-1.6959,0.12957,7.048,31.062,-12.786,0.71409,31.062,157.36
10.049,0.1131,-6.4525,-56.017,0.1131,0.40551,-0.17342,-1.2593,-6.4525,-0.17342,4.7468,38.204,-56.017,-1.2593,38.204,323.4
2.2257,0.038939,-1.8352,-13.407,0.038939,0.092839,0.05699,0.18195,-1.8352,0.05699,2.0786,13.702,-13.407,0.18195,13.702,96.792
0.07928,-0.032753,0.084969,0.59373,-0.032753,0.11871,-0.072406,-0.81932,0.084969,-0.072406,1.6672,10.594,0.59373,-0.81932,10.594,79.848
3.5288,0.23962,-0.24939,-15.342,0.23962,0.29186,0.9066,0.18182,-0.24939,0.9066,4.2731,7.0248,-15.342,0.18182,7.0248,78.138
0.5646,-0.044698,-0.75832,-3.9052,-0.044698,0.25952,0.27051,0.83505,-0.75832,0.27051,3.0148,11.172,-3.9052,0.83505,11.172,48.301
2.1587,-0.24548,-0.98545,-4.5248,-0.24548,0.2425,-0.23764,-2.9407,-0.98545,-0.23764,1.6777,12.079,-4.5248,-2.9407,12.079,100.23
0.17169,-0.14208,0.3276,1.6979,-0.14208,0.56691,-0.37585,-2.6789,0.3276,-0.37585,2.8055,15.957,1.6979,-2.6789,15.957,100.44
4.5212,-0.31686,-3.5498,-26.8,-0.31686,0.13668,-0.20759,0.76721,-3.5498,-0.20759,10.476,40.064,-26.8,0.76721,40.064,210.31
0.55826,0.018611,-0.44206,-2.9832,0.018611,0.061406,-0.14452,-0.56542,-0.44206,-0.14452,3.8383,15.092,-2.9832,-0.56542,15.092,64.653
2.7471,-1.3072,4.0244,12.822,-1.3072,0.84778,-2.1419,-8.3225,4.0244,-2.1419,6.8315,25.165,12.822,-8.3225,25.165,118.42
4.216,-0.4493,-3.0236,-11.988,-0.4493,0.18334,0.091242,0.67764,-3.0236,0.091242,5.2573,15.861,-11.988,0.67764,15.861,52.45
2.1192,-0.32708,-1.4654,-8.1092,-0.32708,0.13058,0.17847,1.2851,-1.4654,0.17847,6.1224,17.771,-8.1092,1.2851,17.771,62.131
0.87718,-0.053246,-1.5722,-4.9139,-0.053246,0.27524,0.29163,1.1587,-1.5722,0.29163,3.715,11.093,-4.9139,1.1587,11.093,36.947
4.4998,-0.46633,-4.7436,-28.329,-0.46633,0.20303,0.46097,2.8058,-4.7436,0.46097,5.6844,32.394,-28.329,2.8058,32.394,191.81
2.9178,0.76632,-7.8163,-26.634,0.76632,0.30015,-2.2409,-7.3049,-7.8163,-2.2409,23.768,76.848,-26.634,-7.3049,76.848,255.29
1.6411,-0.13387,-0.87292,-6.3116,-0.13387,0.13458,-0.13011,-0.5915,-0.87292,-0.13011,3.9097,14.865,-6.3116,-0.5915,14.865,75.87
3.4102,-0.32315,-2.2549,-18.194,-0.32315,0.14189,0.28037,2.014,-2.2549,0.28037,2.7312,17.295,-18.194,2.014,17.295,122.86
1.5548,-0.069986,-0.52218,-5.909,-0.069986,0.10013,0.087367,0.43922,-0.52218,0.087367,2.774,11.627,-5.909,0.43922,11.627,63.014
2.4735,-0.11886,0.97309,-9.2572,-0.11886,0.07244,-0.34004,0.040054,0.97309,-0.34004,13.181,15.838,-9.2572,0.040054,15.838,72.217
5.2828,-1.3799,-2.2555,-21.509,-1.3799,0.4816,0.66663,5.9493,-2.2555,0.66663,2.4001,14.569,-21.509,5.9493,14.569,110.59
1.1772,0.28351,-2.7308,-8.9108,0.28351,0.27174,-1.389,-4.4502,-2.7308,-1.389,22.111,56.543,-8.9108,-4.4502,56.543,155.75
2.9044,-0.38988,-0.77768,-7.1445,-0.38988,0.174,0.053544,1.0864,-0.77768,0.053544,8.7568,17.979,-7.1445,1.0864,17.979,50.965
5.214,-0.093728,-4.9998,-19.157,-0.093728,0.27365,-0.37639,-0.34631,-4.9998,-0.37639,8.5297,26.036,-19.157,-0.34631,26.036,87.54
3.5195,-0.52112,-5.5012,-20.5,-0.52112,0.25336,1.0597,3.5397,-5.5012,1.0597,12.029,38.281,-20.5,3.5397,38.281,132.01
0.78935,-0.13609,-0.40478,-3.0407,-0.13609,0.12466,-0.017886,-0.51133,-0.40478,-0.017886,2.4782,11.237,-3.0407,-0.51133,11.237,69.551
1.421,-0.15361,-0.11128,-11.018,-0.15361,0.094773,-0.14448,0.52061,-0.11128,-0.14448,4.4346,13.408,-11.018,0.52061,13.408,128.47
0.51493,-0.045492,-0.12218,-1.7135,-0.045492,0.315,0.76952,1.7829,-0.12218,0.76952,7.8376,21.347,-1.7135,1.7829,21.347,64.685
0.24985,-0.051196,0.62435,0.77641,-0.051196,0.17117,-0.00047801,0.13776,0.62435,-0.00047801,3.8702,6.39,0.77641,0.13776,6.39,11.889
0.69749,-0.31961,1.3215,4.0706,-0.31961,0.48047,-0.86495,-5.8581,1.3215,-0.86495,3.2677,11.807,4.0706,-5.8581,11.807,89.891
1.5544,-0.17149,-2.8707,-11.433,-0.17149,0.17498,0.49837,2.1381,-2.8707,0.49837,6.5759,26.208,-11.433,2.1381,26.208,107.07
0.42208,-0.033554,-1.0718,-6.3268,-0.033554,0.12959,0.10259,0.51788,-1.0718,0.10259,4.0308,22.635,-6.3268,0.51788,22.635,130.82
2.9624,-0.80137,-5.4111,-29.594,-0.80137,0.41051,1.5698,8.1151,-5.4111,1.5698,10.806,58.142,-29.594,8.1151,58.142,317.22
0.14097,0.022637,-0.30469,-1.2916,0.022637,0.24222,-0.64929,-2.809,-0.30469,-0.64929,3.5498,14.856,-1.2916,-2.809,14.856,63.969
3.0134,-0.38763,-1.9776,-19.123,-0.38763,0.16294,0.27524,2.1531,-1.9776,0.27524,1.8075,14.802,-19.123,2.1531,14.802,139.9
4.8355,-0.15395,-5.6109,-36.149,-0.15395,0.41799,0.39218,2.0569,-5.6109,0.39218,7.5014,46.347,-36.149,2.0569,46.347,299.66
5.8079,-1.0399,-3.6795,-22.518,-1.0399,0.35533,1.0972,5.5554,-3.6795,1.0972,5.495,25.696,-22.518,5.5554,25.696,130.38
1.3401,-0.18011,-0.76601,-5.0387,-0.18011,0.12404,0.17459,1.1574,-0.76601,0.17459,1.846,14.021,-5.0387,1.1574,14.021,129.66
1.1206,-0.24357,-1.2609,-8.3811,-0.24357,0.2117,0.40258,1.8964,-1.2609,0.40258,1.8155,10.73,-8.3811,1.8964,10.73,73.759
1.5141,-0.2234,-0.38603,-6.6003,-0.2234,0.13645,-0.10393,0.63519,-0.38603,-0.10393,0.91153,3.8368,-6.6003,0.63519,3.8368,37.22
1.8724,-0.027341,-0.16103,-10.157,-0.027341,0.21006,0.025801,0.79719,-0.16103,0.025801,0.274,2.8677,-10.157,0.79719,2.8677,86.62
1.375,-0.084385,0.23046,-5.5048,-0.084385,0.13043,-0.031062,0.045732,0.23046,-0.031062,0.51934,0.25452,-5.5048,0.045732,0.25452,38.112
3.1759,-0.21914,-2.3362,-13.428,-0.21914,0.13642,0.042693,0.51761,-2.3362,0.042693,5.135,16.801,-13.428,0.51761,16.801,73.539
0.56637,-0.096056,-0.32465,-1.876,-0.096056,0.27623,-0.81783,-3.3588,-0.32465,-0.81783,6.4249,26.662,-1.876,-3.3588,26.662,114.18
4.16,-0.64451,-2.1273,-13.228,-0.64451,0.21849,0.073981,1.1239,-2.1273,0.073981,3.2382,14.147,-13.228,1.1239,14.147,68.873
0.65766,0.16846,-1.9894,-5.7929,0.16846,0.27281,-1.9932,-5.3644,-1.9894,-1.9932,23.188,61.212,-5.7929,-5.3644,61.212,165.01
1.3393,-0.28745,0.0015756,-1.2099,-0.28745,0.23468,-0.20015,-0.51459,0.0015756,-0.20015,2.2861,11.042,-1.2099,-0.51459,11.042,58.832
0.17785,0.043326,-0.28263,-1.1539,0.043326,0.15045,-0.24606,-1.1299,-0.28263,-0.24606,2.2428,7.3286,-1.1539,-1.1299,7.3286,27.77
7.7342,-0.8156,-6.9506,-40.098,-0.8156,0.16719,0.56716,3.8873,-6.9506,0.56716,10.723,42.763,-40.098,3.8873,42.763,220.54
4.2558,-0.7378,-3.7132,-21.614,-0.7378,0.41965,1.1739,4.0282,-3.7132,1.1739,5.2221,21.401,-21.614,4.0282,21.401,116.32
3.8595,-0.04696,-2.9493,-16.748,-0.04696,0.18451,0.08904,0.26358,-2.9493,0.08904,3.2686,16.433,-16.748,0.26358,16.433,88.174
0.27529,-0.051421,-0.5617,-2.2534,-0.051421,0.057058,0.050619,0.26386,-0.5617,0.050619,3.7243,13.725,-2.2534,0.26386,13.725,52.631
3.0498,-0.70224,-4.4798,-13.917,-0.70224,0.31319,1.0346,3.1969,-4.4798,1.0346,7.7052,23.008,-13.917,3.1969,23.008,70.559
1.6151,-0.022923,-3.7819,-11.907,-0.022923,0.090552,0.22567,0.63405,-3.7819,0.22567,10.239,31.826,-11.907,0.63405,31.826,100.19
2.3738,0.6572,-5.2442,-17.23,0.6572,0.76516,-3.4862,-10.648,-5.2442,-3.4862,22.121,68.122,-17.23,-10.648,68.122,211.57
0.41638,0.021893,-0.48228,-1.7644,0.021893,0.12124,-0.3072,-0.63609,-0.48228,-0.3072,11.276,22.534,-1.7644,-0.63609,22.534,47.707
0.17016,-0.14447,0.21415,0.68458,-0.14447,0.48825,-1.1212,-3.8534,0.21415,-1.1212,5.68,19.081,0.68458,-3.8534,19.081,66.251
2.1092,0.14132,-3.8001,-14.77,0.14132,0.32462,-0.27992,-0.64464,-3.8001,-0.27992,8.1133,29.79,-14.77,-0.64464,29.79,115.31
6.7024,-0.1117,-11.451,-26.54,-0.1117,0.18991,0.29346,0.53806,-11.451,0.29346,22.216,52.646,-26.54,0.53806,52.646,126.04
1.2882,-0.12422,-1.3078,-6.3056,-0.12422,0.12561,0.25431,1.3179,-1.3078,0.25431,2.3287,11.533,-6.3056,1.3179,11.533,60.27
2.1126,-0.11705,-2.6797,-10.699,-0.11705,0.17803,0.51951,1.943,-2.6797,0.51951,5.1793,19.11,-10.699,1.943,19.11,75.429
0.99875,0.18831,-1.71,-7.7385,0.18831,0.12922,-0.29638,-1.3037,-1.71,-0.29638,4.2241,17.533,-7.7385,-1.3037,17.533,76.508
1.5538,-0.32792,-0.81817,-1.8295,-0.32792,0.18535,-0.28012,-2.1019,-0.81817,-0.28012,4.7214,22.688,-1.8295,-2.1019,22.688,120.64
1.0657,0.03973,-1.9336,-5.1434,0.03973,0.27191,-0.92892,-1.88,-1.9336,-0.92892,11.466,25.498,-5.1434,-1.88,25.498,59.347
0.19262,-0.015801,-0.1981,-1.9207,-0.015801,0.14403,-0.08017,-1.3225,-0.1981,-0.08017,0.68823,5.6746,-1.9207,-1.3225,5.6746,64.734
1.7517,-0.14807,-2.0532,-9.476,-0.14807,0.13555,0.26602,1.2713,-2.0532,0.26602,2.8802,12.762,-9.476,1.2713,12.762,58.389
3.5519,-0.72045,-4.7268,-19.995,-0.72045,0.27678,1.0352,4.3197,-4.7268,1.0352,7.1382,29.283,-19.995,4.3197,29.283,122.59
0.24062,-0.033054,-0.65944,-2.0517,-0.033054,0.086405,0.15111,0.49754,-0.65944,0.15111,2.8563,9.322,-2.0517,0.49754,9.322,31.605
3.3169,0.21195,-3.599,-21.112,0.21195,0.14642,-0.28149,-1.6271,-3.599,-0.28149,4.7354,26.295,-21.112,-1.6271,26.295,150.26
1.4189,-0.080957,-1.0974,-10.733,-0.080957,0.063998,0.091804,0.4301,-1.0974,0.091804,1.2946,9.0392,-10.733,0.4301,9.0392,96.18
2.0267,-0.15871,-2.4509,-13.954,-0.15871,0.13375,0.12908,0.85643,-2.4509,0.12908,3.2204,18.192,-13.954,0.85643,18.192,107.12
0.88121,0.050362,-1.3965,-6.7717,0.050362,0.42871,-0.7845,-4.5082,-1.3965,-0.7845,5.7061,27.229,-6.7717,-4.5082,27.229,137.71
3.3713,-0.075599,-6.1804,-15.765,-0.075599,0.064428,0.16302,0.36083,-6.1804,0.16302,11.777,29.535,-15.765,0.36083,29.535,75.86
0.54956,-0.15218,-0.25932,-5.6536,-0.15218,0.17724,0.081411,1.8252,-0.25932,0.081411,0.8287,6.4295,-5.6536,1.8252,6.4295,88.018
14.63,-1.1275,-7.7429,-76.96,-1.1275,0.20908,0.46278,5.7338,-7.7429,0.46278,5.0368,42.587,-76.96,5.7338,42.587,412.38
1.3322,0.24174,-0.75484,-4.2514,0.24174,0.16488,-0.19532,-1.1566,-0.75484,-0.19532,0.962,4.3364,-4.2514,-1.1566,4.3364,22.823
2.5283,-0.4726,-1.8012,-13.202,-0.4726,0.19509,0.50387,2.9863,-1.8012,0.50387,2.4739,13.297,-13.202,2.9863,13.297,82.852
0.85369,-0.24667,-0.46201,-3.7576,-0.24667,0.20124,0.1714,1.151,-0.46201,0.1714,1.7367,8.3931,-3.7576,1.151,8.3931,46.938
1.017,0.032142,-1.1867,-5.2757,0.032142,0.058663,-0.064548,-0.27778,-1.1867,-0.064548,2.4503,9.555,-5.2757,-0.27778,9.555,39.343
2.5403,-0.13042,-1.4426,-13.478,-0.13042,0.0891,0.078916,0.58531,-1.4426,0.078916,1.6236,11.807,-13.478,0.58531,11.807,97.378
1.4402,-0.22984,-1.0132,-6.2265,-0.22984,0.1374,0.20202,1.3024,-1.0132,0.20202,1.7852,7.4749,-6.2265,1.3024,7.4749,39.869
1.6349,-0.25375,-1.8565,-8.641,-0.25375,0.20845,0.3887,1.653,-1.8565,0.3887,2.8218,12.323,-8.641,1.653,12.323,56.11
0.90718,0.029203,-0.6208,-4.475,0.029203,0.1216,-0.16781,-0.12965,-0.6208,-0.16781,1.7728,4.9169,-4.475,-0.12965,4.9169,27.666
1.0237,0.12426,-1.319,-11.685,0.12426,0.19722,-0.41249,-2.256,-1.319,-0.41249,3.0147,20.035,-11.685,-2.256,20.035,156.77
1.0143,0.015831,-1.5625,-7.2902,0.015831,0.56443,-0.0078281,-1.5856,-1.5625,-0.0078281,2.8837,12.317,-7.2902,-1.5856,12.317,63.771
1.1827,0.078194,-1.7619,-9.6393,0.078194,0.17109,0.068879,-0.3063,-1.7619,0.068879,3.9012,19.421,-9.6393,-0.3063,19.421,115.35
1.1496,0.038476,-0.92021,-5.6408,0.038476,0.12423,-0.12042,-0.14973,-0.92021,-0.12042,1.5164,6.4178,-5.6408,-0.14973,6.4178,36.432
0.80041,0.049914,-0.59767,-5.0823,0.049914,0.09063,-0.28795,-1.2277,-0.59767,-0.28795,3.3566,12.629,-5.0823,-1.2277,12.629,67.175
3.3173,-0.41741,-0.54403,-20.612,-0.41741,0.19693,0.037558,1.6725,-0.54403,0.037558,0.57743,8.8109,-20.612,1.6725,8.8109,209.55
4.896,-0.47256,-0.17534,-21.816,-0.47256,0.11365,-0.02013,1.9366,-0.17534,-0.02013,0.35718,2.5094,-21.816,1.9366,2.5094,128.51
6.2076,-0.087978,-2.0955,-29.505,-0.087978,0.073422,0.10683,0.43588,-2.0955,0.10683,1.755,10.85,-29.505,0.43588,10.85,143.26
4.4528,0.22337,-0.4655,-34.255,0.22337,0.17818,-0.0083944,-1.6602,-0.4655,-0.0083944,0.6611,5.6192,-34.255,-1.6602,5.6192,278.14
3.1438,-0.45812,-1.1721,-15.688,-0.45812,0.17633,0.14893,2.3865,-1.1721,0.14893,1.7141,7.7516,-15.688,2.3865,7.7516,83.832
0.61545,0.010938,0.67642,2.3968,0.010938,0.14677,-0.25079,-0.97985,0.67642,-0.25079,1.7862,6.6287,2.3968,-0.97985,6.6287,25.906
1.6224,-0.083998,0.65691,0.43832,-0.083998,0.21156,-0.17074,-0.55784,0.65691,-0.17074,3.748,10.292,0.43832,-0.55784,10.292,30.865
1.6067,-0.026034,-1.2174,-8.5981,-0.026034,0.17056,0.092336,0.39348,-1.2174,0.092336,1.4644,9.1071,-8.5981,0.39348,9.1071,65.127
2.7633,-0.7246,-2.7279,-8.8442,-0.7246,0.30876,0.62877,1.3687,-2.7279,0.62877,3.9337,13.969,-8.8442,1.3687,13.969,59.802
2.6683,-0.52487,0.19584,-3.2851,-0.52487,0.77582,-1.6156,-3.7364,0.19584,-1.6156,5.6593,14.527,-3.2851,-3.7364,14.527,43.771
2.113,-0.38698,-1.9599,-8.0657,-0.38698,0.29129,0.57246,1.6242,-1.9599,0.57246,3.7753,11.935,-8.0657,1.6242,11.935,44.718
6.6454,-0.71051,-1.4233,-26.545,-0.71051,0.33765,0.15152,2.5932,-1.4233,0.15152,0.9659,7.731,-26.545,2.5932,7.731,116.37
6.3339,-1.5561,-0.22079,-27.479,-1.5561,0.72153,-1.2554,3.6755,-0.22079,-1.2554,8.9092,21.185,-27.479,3.6755,21.185,167.73
3.1897,-0.29494,-1.191,-15.188,-0.29494,0.20736,0.25882,0.51765,-1.191,0.25882,0.97978,5.8354,-15.188,0.51765,5.8354,92.606
1.4962,-0.15739,-1.4091,-7.8721,-0.15739,0.092042,0.16545,0.88665,-1.4091,0.16545,1.7892,9.3834,-7.8721,0.88665,9.3834,51.373
3.3461,-0.2412,-0.7518,-17.104,-0.2412,0.21184,0.44402,2.0661,-0.7518,0.44402,2.4572,8.4245,-17.104,2.0661,8.4245,100.49
