0.88454,0.080685,-1.2635,-4.9721,0.080685,0.43957,-2.5396,-5.648,-1.2635,-2.5396,18.223,42.565,-4.9721,-5.648,42.565,106.24
1.682,0.071791,-1.3233,-4.5478,0.071791,0.18433,-0.1031,-0.28335,-1.3233,-0.1031,5.5521,11.443,-4.5478,-0.28335,11.443,26.573
1.8527,-0.029279,-3.655,-10.309,-0.029279,0.21999,0.089955,-0.066573,-3.655,0.089955,13.295,34.402,-10.309,-0.066573,34.402,90.946
1.3254,-0.10356,-3.309,-6.3338,-0.10356,0.15318,-0.38528,-0.23645,-3.309,-0.38528,19.428,29.646,-6.3338,-0.23645,29.646,48.13
0.28337,-0.037951,-0.77904,-1.043,-0.037951,0.15676,-0.56705,-0.57484,-0.77904,-0.56705,9.7036,11.55,-1.043,-0.57484,11.55,14.344
0.76289,-0.074761,-1.735,-5.4915,-0.074761,0.165,0.3528,0.94038,-1.735,0.3528,11.159,29.173,-5.4915,0.94038,29.173,82.293
2.5885,0.050936,2.4318,7.2858,0.050936,0.11024,-0.31364,-0.70029,2.4318,-0.31364,13.127,38.356,7.2858,-0.70029,38.356,114.97
1.0444,0.042046,-0.41712,-1.9037,0.042046,0.21077,-1.3078,-3.3116,-0.41712,-1.3078,14.615,36.241,-1.9037,-3.3116,36.241,91.473
0.68907,-0.19092,-0.38243,-0.83879,-0.19092,0.24731,0.39524,0.25271,-0.38243,0.39524,14.904,19.049,-0.83879,0.25271,19.049,28.149
2.9393,0.26605,-2.0998,-12.939,0.26605,0.14855,-0.17388,-1.0138,-2.0998,-0.17388,4.6422,18.702,-12.939,-1.0138,18.702,86.834
1.381,0.32466,-1.9432,-6.5665,0.32466,0.18547,-0.59234,-1.8436,-1.9432,-0.59234,4.8403,14.742,-6.5665,-1.8436,14.742,46.707
2.3831,-0.062227,-1.4358,-9.6622,-0.062227,0.13201,0.27775,0.84388,-1.4358,0.27775,6.1292,16.725,-9.6622,0.84388,16.725,64.23
6.5919,-1.31,1.6546,5.1616,-1.31,0.37914,-0.10238,-0.21235,1.6546,-0.10238,4.8475,16.902,5.1616,-0.21235,16.902,60.65
6.9001,-1.0721,-6.1582,-25.448,-1.0721,0.29915,0.9955,4.141,-6.1582,0.9955,8.7289,27.558,-25.448,4.141,27.558,103.78
1.3317,-0.068009,-4.9653,-10.904,-0.068009,0.10729,0.12258,0.39778,-4.9653,0.12258,21.553,44.789,-10.904,0.39778,44.789,97.703
1.6686,0.28565,-1.0654,-14.809,0.28565,0.18081,-0.13291,-2.7138,-1.0654,-0.13291,6.3035,27.192,-14.809,-2.7138,27.192,203.09
2.8349,0.42625,-8.254,-21.023,0.42625,0.13745,-1.497,-3.7043,-8.254,-1.497,38.283,86.521,-21.023,-3.7043,86.521,201.96
1.0026,-0.23933,-3.4843,-9.9977,-0.23933,0.13904,0.86899,2.4096,-3.4843,0.86899,14.909,41.342,-9.9977,2.4096,41.342,117.32
7.689,-0.29495,-4.6375,-39.183,-0.29495,0.21709,0.22455,1.1947,-4.6375,0.22455,12.945,58.177,-39.183,1.1947,58.177,320.7
2.3791,-0.58954,-0.88755,-2.5354,-0.58954,0.25248,-0.055366,-0.2386,-0.88755,-0.055366,12.98,34.99,-2.5354,-0.2386,34.99,95.372
1.154,-0.0012403,-4.1295,-13.203,-0.0012403,0.11972,-0.22676,-1.3101,-4.1295,-0.22676,20.556,68.445,-13.203,-1.3101,68.445,235.3
0.45183,0.14649,-0.93941,-2.6757,0.14649,0.17259,-0.46562,-1.3962,-0.93941,-0.46562,7.1623,17.68,-2.6757,-1.3962,17.68,45.16
0.29926,-0.050107,-0.59765,-1.584,-0.050107,0.15417,0.033315,0.023566,-0.59765,0.033315,4.6608,13.048,-1.584,0.023566,13.048,37.919
0.10747,0.062153,-0.54728,-1.9653,0.062153,0.21948,-1.358,-3.9625,-0.54728,-1.358,13.542,38.158,-1.9653,-3.9625,38.158,112.01
2.5867,-0.021588,-4.882,-20.385,-0.021588,0.12691,0.030004,0.14132,-4.882,0.030004,10.153,41.56,-20.385,0.14132,41.56,172.08
0.89373,0.045463,-2.0416,-6.9484,0.045463,0.1109,-0.26169,-0.88919,-2.0416,-0.26169,6.6314,22.137,-6.9484,-0.88919,22.137,77.055
1.2629,-0.13572,-2.674,-5.2368,-0.13572,0.11972,0.57722,0.94635,-2.674,0.57722,9.0146,16.297,-5.2368,0.94635,16.297,30.345
2.188,0.16632,-5.3266,-18.812,0.16632,0.15896,-0.53323,-1.6907,-5.3266,-0.53323,16.209,54.767,-18.812,-1.6907,54.767,187.66
4.3994,-0.49622,-11.01,-35.412,-0.49622,0.13229,1.2842,4.1665,-11.01,1.2842,28.981,93.265,-35.412,4.1665,93.265,302.31
2.002,-0.44817,1.1365,2.27,-0.44817,0.37331,-1.6607,-4.7292,1.1365,-1.6607,13.857,44.077,2.27,-4.7292,44.077,144.9
0.2598,0.052079,-1.4102,-2.868,0.052079,0.13906,-0.23256,-0.41818,-1.4102,-0.23256,11.826,23.194,-2.868,-0.41818,23.194,46.24
0.35663,0.084141,-1.448,-2.7222,0.084141,0.33594,-2.8471,-5.1928,-1.448,-2.8471,33.9,61.539,-2.7222,-5.1928,61.539,112.03
2.0203,-0.18506,-5.7255,-16.242,-0.18506,0.17976,0.26052,1.0565,-5.7255,0.26052,22.45,58.107,-16.242,1.0565,58.107,156.12
0.31978,-0.0062208,0.84953,1.0116,-0.0062208,0.28576,-1.4076,-2.5099,0.84953,-1.4076,20.609,30.153,1.0116,-2.5099,30.153,47.697
0.296,-0.051526,-0.54088,-0.75565,-0.051526,0.24552,0.85157,0.86665,-0.54088,0.85157,27.82,38.283,-0.75565,0.86665,38.283,53.531
2.0356,-0.50255,7.0639,15.178,-0.50255,0.23236,-2.5515,-5.4631,7.0639,-2.5515,41.689,91.362,15.178,-5.4631,91.362,202.1
3.0702,-0.37285,-7.0158,-23.811,-0.37285,0.12853,0.98984,3.4481,-7.0158,0.98984,17.307,57.383,-23.811,3.4481,57.383,198.87
1.5515,0.4938,-2.2091,-8.9272,0.4938,0.32851,-0.82219,-3.4583,-2.2091,-0.82219,7.7348,27.388,-8.9272,-3.4583,27.388,99.835
0.65281,-0.27275,1.113,5.626,-0.27275,0.20541,-0.36673,-2.1151,1.113,-0.36673,3.7937,19.223,5.626,-2.1151,19.223,115.21
1.352,0.39984,-2.5664,-12.817,0.39984,0.44893,-1.0291,-4.2455,-2.5664,-1.0291,6.5037,29.376,-12.817,-4.2455,29.376,141.55
1.882,0.30507,-3.3344,-20.227,0.30507,0.21971,-1.1523,-6.0647,-3.3344,-1.1523,10.619,57.259,-20.227,-6.0647,57.259,317.59
1.7691,-0.37559,1.0947,5.9069,-0.37559,0.14601,-0.50369,-1.9548,1.0947,-0.50369,13.702,40.52,5.9069,-1.9548,40.52,124.75
0.82571,0.222,-3.5331,-6.6489,0.222,0.356,-1.4798,-2.3374,-3.5331,-1.4798,18.435,32.906,-6.6489,-2.3374,32.906,60.74
1.0591,-0.0466,-0.44409,-2.8501,-0.0466,0.18122,-0.38378,-1.3959,-0.44409,-0.38378,3.7896,12.433,-2.8501,-1.3959,12.433,46.216
0.68028,-0.081755,-1.9812,-6.1346,-0.081755,0.17919,0.46746,1.1075,-1.9812,0.46746,11.502,34.585,-6.1346,1.1075,34.585,106.59
0.85656,-0.12315,-1.2149,-2.1641,-0.12315,0.13554,-0.15976,-0.57879,-1.2149,-0.15976,11.862,22.782,-2.1641,-0.57879,22.782,45.216
1.9705,-0.47973,-1.9375,-11.863,-0.47973,0.21916,0.5009,2.8654,-1.9375,0.5009,3.0258,15.189,-11.863,2.8654,15.189,85.665
1.2059,0.069163,-4.5831,-7.6481,0.069163,0.090529,-0.21485,-0.33676,-4.5831,-0.21485,25.672,41.73,-7.6481,-0.33676,41.73,68.284
0.69668,-0.19119,-1.9338,-4.5614,-0.19119,0.33846,0.34453,0.34198,-1.9338,0.34453,9.6507,22.385,-4.5614,0.34198,22.385,54.281
1.4815,-0.22987,-1.6576,-12.58,-0.22987,0.16114,0.50262,2.8953,-1.6576,0.50262,5.5294,27.284,-12.58,2.8953,27.284,157.4
1.1581,0.073731,-0.82484,-4.3947,0.073731,0.10688,0.045845,0.056697,-0.82484,0.045845,1.0374,4.9365,-4.3947,0.056697,4.9365,25.404
2.0048,-0.069736,0.10205,-4.5683,-0.069736,0.10627,-0.15666,-0.47806,0.10205,-0.15666,3.9017,16.48,-4.5683,-0.47806,16.48,84.965
2.6106,0.51834,-4.489,-14.196,0.51834,0.38606,-0.92664,-3.2859,-4.489,-0.92664,8.1773,24.745,-14.196,-3.2859,24.745,80.437
2.63,-0.73937,-3.4375,-13.978,-0.73937,0.37856,0.84517,4.1457,-3.4375,0.84517,5.5664,20.025,-13.978,4.1457,20.025,79.308
1.19,0.00096879,-0.54931,-7.2869,0.00096879,0.16807,0.12092,0.78326,-0.54931,0.12092,0.7535,6.6436,-7.2869,0.78326,6.6436,72.528
1.4745,0.28728,-0.45205,-9.8358,0.28728,0.17411,0.0032757,-0.95264,-0.45205,0.0032757,0.58051,6.3027,-9.8358,-0.95264,6.3027,104.43
1.3293,0.0024183,-0.034908,-3.4824,0.0024183,0.070293,-0.015703,-0.32569,-0.034908,-0.015703,0.27871,2.4089,-3.4824,-0.32569,2.4089,54.118
0.51524,0.1418,-0.81587,-5.222,0.1418,0.30384,-0.51975,-3.0544,-0.81587,-0.51975,2.2244,12.662,-5.222,-3.0544,12.662,75.934
1.7037,-0.16007,0.42104,-5.751,-0.16007,0.10947,-0.15494,0.14126,0.42104,-0.15494,1.0968,1.6202,-5.751,0.14126,1.6202,33.522
1.555,-0.091176,-1.8235,-14.801,-0.091176,0.090396,0.084959,0.60954,-1.8235,0.084959,2.8369,20.656,-14.801,0.60954,20.656,166.8
1.8614,-0.36357,-0.77048,-5.0359,-0.36357,0.34554,0.15191,1.1572,-0.77048,0.15191,1.7923,9.6878,-5.0359,1.1572,9.6878,58.36
0.66402,-0.056325,-1.1389,-5.3753,-0.056325,0.080058,0.26906,0.79347,-1.1389,0.26906,4.68,13.965,-5.3753,0.79347,13.965,65.007
0.98122,0.0067747,-1.0563,-5.6489,0.0067747,0.13441,-0.11263,-0.41933,-1.0563,-0.11263,1.5365,7.3032,-5.6489,-0.41933,7.3032,39.771
1.7242,-0.11722,-0.98721,-12.358,-0.11722,0.26646,0.22181,1.4247,-0.98721,0.22181,1.0921,7.9901,-12.358,1.4247,7.9901,100.71
0.71744,-0.02363,-0.19081,-5.2914,-0.02363,0.053419,0.0062251,0.042998,-0.19081,0.0062251,0.35397,3.5786,-5.2914,0.042998,3.5786,81.852
2.0762,-0.35864,-1.0157,-7.0663,-0.35864,0.15675,0.17634,1.2327,-1.0157,0.17634,0.86186,4.9856,-7.0663,1.2327,4.9856,37.308
3.9966,-0.57339,-0.67792,-11.46,-0.57339,0.16547,0.038256,1.501,-0.67792,0.038256,1.0167,4.9247,-11.46,1.501,4.9247,46.788
2.4355,-0.12695,-0.93487,-16.525,-0.12695,0.10942,0.089487,0.99151,-0.93487,0.089487,0.48262,6.7862,-16.525,0.99151,6.7862,119.08
5.7175,-0.96167,-1.5174,-16.041,-0.96167,0.3477,0.47364,2.944,-1.5174,0.47364,1.2481,5.0648,-16.041,2.944,5.0648,49.642
2.6781,-0.39807,-2.0094,-13.018,-0.39807,0.14081,0.29454,1.9596,-2.0094,0.29454,3.8518,19.406,-13.018,1.9596,19.406,111.31
5.9957,-0.42058,-3.4838,-24.498,-0.42058,0.17587,0.28143,2.1471,-3.4838,0.28143,2.2149,15.257,-24.498,2.1471,15.257,109.54
2.3612,-0.17378,-1.3497,-11.056,-0.17378,0.1448,-0.11359,-0.5965,-1.3497,-0.11359,2.6538,17.681,-11.056,-0.5965,17.681,125.19
1.8289,0.0045735,-1.7335,-15.835,0.0045735,0.15232,-0.0020816,-0.77736,-1.7335,-0.0020816,2.0724,16.899,-15.835,-0.77736,16.899,159.91
0.93184,0.11061,-0.70291,-6.5627,0.11061,0.32091,-0.31143,-2.1667,-0.70291,-0.31143,1.0141,7.2742,-6.5627,-2.1667,7.2742,67.849
1.9507,-0.41946,-0.13523,-6.2574,-0.41946,0.21243,-0.16751,0.9122,-0.13523,-0.16751,1.1502,3.2939,-6.2574,0.9122,3.2939,28.329
5.6244,-0.63807,-1.0374,-26.106,-0.63807,0.15682,0.095203,2.4004,-1.0374,0.095203,0.37731,6.5871,-26.106,2.4004,6.5871,152.44
1.4653,-8.1957e-05,-0.52231,-10.651,-8.1957e-05,0.14308,0.027615,-0.070214,-0.52231,0.027615,0.58612,4.1341,-10.651,-0.070214,4.1341,86.625
4.3931,-0.94667,-2.479,-18.293,-0.94667,0.36071,0.53787,3.7241,-2.479,0.53787,1.8228,11.429,-18.293,3.7241,11.429,80.976
0.34566,0.007203,-0.31312,-2.2753,0.007203,0.16871,-0.047062,-0.19169,-0.31312,-0.047062,1.5328,10.978,-2.2753,-0.19169,10.978,86.013
1.9005,-0.17474,0.51031,-7.392,-0.17474,0.1809,0.055093,0.62307,0.51031,0.055093,3.6424,8.0478,-7.392,0.62307,8.0478,64.849
3.6811,-0.51949,-1.9735,-11.485,-0.51949,0.26691,0.31584,1.7276,-1.9735,0.31584,1.3871,6.6243,-11.485,1.7276,6.6243,37.372
1.026,-0.015975,-0.33894,-4.5108,-0.015975,0.31459,0.15743,0.8274,-0.33894,0.15743,1.9314,8.0993,-4.5108,0.8274,8.0993,46.614
0.40299,0.039628,-0.60765,-2.7441,0.039628,0.21066,-0.51519,-1.4166,-0.60765,-0.51519,2.8655,9.3797,-2.7441,-1.4166,9.3797,36.222
1.8526,-0.8313,-3.216,-15.8,-0.8313,0.49402,1.8106,7.9344,-3.216,1.8106,8.215,35.579,-15.8,7.9344,35.579,166.08
4.7228,-0.58619,-0.065088,-23.955,-0.58619,0.17184,-0.014281,3.3652,-0.065088,-0.014281,1.0194,7.807,-23.955,3.3652,7.807,196.15
2.1323,-0.39345,2.5203,1.7414,-0.39345,0.2009,-0.67094,-1.9046,2.5203,-0.67094,6.0292,20.447,1.7414,-1.9046,20.447,122.09
4.8798,-0.91104,-1.9558,-23.322,-0.91104,0.253,0.34474,4.3102,-1.9558,0.34474,1.7309,13.504,-23.322,4.3102,13.504,134.17
4.5234,-0.66737,-2.5864,-15.716,-0.66737,0.22519,0.55994,2.8337,-2.5864,0.55994,6.3016,23.501,-15.716,2.8337,23.501,101.12
0.35852,-0.082733,0.69072,2.093,-0.082733,0.15304,-0.64106,-2.5843,0.69072,-0.64106,5.742,21.857,2.093,-2.5843,21.857,89.985
0.20547,0.041695,-0.75621,-1.9239,0.041695,0.22527,-0.63234,-1.7169,-0.75621,-0.63234,8.579,24.126,-1.9239,-1.7169,24.126,70.262
1.008,0.066801,-2.1449,-10.561,0.066801,0.17318,-0.12409,-1.1724,-2.1449,-0.12409,5.4203,24.69,-10.561,-1.1724,24.69,125.67
0.79292,-0.040701,-0.79463,-2.3476,-0.040701,0.13677,0.086097,0.24043,-0.79463,0.086097,2.6198,6.5334,-2.3476,0.24043,6.5334,18.554
3.0216,-0.086697,-1.9204,-13.752,-0.086697,0.14648,0.0016445,-0.58415,-1.9204,0.0016445,1.9732,13.55,-13.752,-0.58415,13.55,100.37
0.64968,0.0105,-0.79398,-4.1552,0.0105,0.080256,-0.060788,-0.30129,-0.79398,-0.060788,3.5186,16.937,-4.1552,-0.30129,16.937,83.819
4.1582,-0.61897,-2.5012,-21.76,-0.61897,0.22099,0.31366,2.8249,-2.5012,0.31366,2.3527,17.058,-21.76,2.8249,17.058,134.59
0.62776,0.11063,-0.68409,-5.7099,0.11063,0.098041,-0.12393,-1.1417,-0.68409,-0.12393,1.3358,8.4697,-5.7099,-1.1417,8.4697,65.604
4.5984,-1.7087,-1.4709,-24.533,-1.7087,0.86119,0.53648,9.3924,-1.4709,0.53648,1.1541,9.8012,-24.533,9.3924,9.8012,139.53
0.63452,0.084481,-0.3291,-3.4114,0.084481,0.15664,-0.085041,-0.76689,-0.3291,-0.085041,0.68306,4.0925,-3.4114,-0.76689,4.0925,33.58
1.4159,0.092824,-1.4431,-7.3949,0.092824,0.15888,-0.14692,-0.15057,-1.4431,-0.14692,1.8339,7.9871,-7.3949,-0.15057,7.9871,42.2
1.4468,-0.013364,-0.19318,-10.026,-0.013364,0.15678,-0.11835,-1.6419,-0.19318,-0.11835,0.34112,4.2081,-10.026,-1.6419,4.2081,120.7
6.4092,-0.68687,-1.7413,-20.733,-0.68687,0.1363,0.19505,2.179,-1.7413,0.19505,0.99754,7.5895,-20.733,2.179,7.5895,79.1
1.176,-0.22757,0.38247,-11.456,-0.22757,0.12036,-0.067648,2.286,0.38247,-0.067648,0.52019,-2.7172,-11.456,2.286,-2.7172,132.5
1.0182,0.097197,-0.87562,-6.3451,0.097197,0.12385,-0.135,-0.24961,-0.87562,-0.135,1.1861,6.136,-6.3451,-0.24961,6.136,52.856
4.4816,-0.48521,-2.4141,-24.999,-0.48521,0.17291,0.15668,1.7751,-2.4141,0.15668,2.5656,20.17,-24.999,1.7751,20.17,179.17
0.83739,-0.17939,-3.0422,-7.7958,-0.17939,0.1103,0.55698,1.8194,-3.0422,0.55698,12.144,29.087,-7.7958,1.8194,29.087,85.457
0.99421,-0.063371,-3.244,-11.073,-0.063371,0.083593,0.39169,1.3801,-3.244,0.39169,13.275,45.242,-11.073,1.3801,45.242,155.51
2.802,-0.047448,-2.1442,-16.007,-0.047448,0.099354,-0.00016982,0.26099,-2.1442,-0.00016982,3.056,16.265,-16.007,0.26099,16.265,105.36
0.53321,-4.0785e-05,-0.22032,-0.44491,-4.0785e-05,0.11124,-0.44173,-1.5307,-0.22032,-0.44173,6.0107,16.161,-0.44491,-1.5307,16.161,48.534
2.6815,-0.061959,-4.6962,-17.286,-0.061959,0.14277,-0.15339,-0.239,-4.6962,-0.15339,11.149,36.512,-17.286,-0.239,36.512,126.67
0.96044,0.16713,-2.8384,-8.1719,0.16713,0.12482,-0.52903,-1.4029,-2.8384,-0.52903,11.584,32.257,-8.1719,-1.4029,32.257,94.93
1.631,-0.18716,-1.3778,-10.379,-0.18716,0.18097,0.27404,1.8616,-1.3778,0.27404,10.385,33.583,-10.379,1.8616,33.583,137.46
4.5962,-0.52762,-3.7463,-18.099,-0.52762,0.1563,0.11151,1.323,-3.7463,0.11151,24.853,73.101,-18.099,1.323,73.101,228.59
0.86861,-0.098885,-2.5496,-6.6085,-0.098885,0.088785,0.14994,0.41466,-2.5496,0.14994,13.644,33.572,-6.6085,0.41466,33.572,84.263
0.81812,-0.001381,-1.3894,-5.0799,-0.001381,0.17446,-0.011852,-0.11394,-1.3894,-0.011852,8.885,29.775,-5.0799,-0.11394,29.775,102.01
2.6998,-0.35428,-6.5326,-17.281,-0.35428,0.1388,0.82574,2.008,-6.5326,0.82574,18.338,47.278,-17.281,2.008,47.278,124.04
3.6327,-0.72462,-5.8615,-15.023,-0.72462,0.40328,1.3629,3.2833,-5.8615,1.3629,10.48,26.312,-15.023,3.2833,26.312,67.389
0.80719,0.23205,-2.4869,-4.9263,0.23205,0.20271,-1.43,-2.6796,-2.4869,-1.43,19.244,35.152,-4.9263,-2.6796,35.152,64.862
5.1043,-1.13,-12.18,-21.203,-1.13,0.51538,2.4334,4.6888,-12.18,2.4334,31.225,53.492,-21.203,4.6888,53.492,93.576
0.50545,0.019473,-0.84676,-2.3731,0.019473,0.07533,-0.4533,-1.0619,-0.84676,-0.4533,12.693,29.069,-2.3731,-1.0619,29.069,68.067
0.9297,-0.095143,-1.7895,-3.5453,-0.095143,0.09596,-0.31847,-0.4718,-1.7895,-0.31847,17.358,27.742,-3.5453,-0.4718,27.742,47.276
1.2417,-0.13409,-1.6235,-8.0475,-0.13409,0.090415,0.0025063,0.28114,-1.6235,0.0025063,7.4319,24.399,-8.0475,0.28114,24.399,91.256
0.88322,0.0081576,-2.3476,-10.607,0.0081576,0.17359,0.067258,0.18254,-2.3476,0.067258,8.1773,35.665,-10.607,0.18254,35.665,162.4
1.1284,-0.22937,-2.3069,-10.603,-0.22937,0.22529,0.23353,1.0839,-2.3069,0.23353,7.1745,31.107,-10.603,1.0839,31.107,138.88
0.7124,0.10838,-3.0346,-8.7856,0.10838,0.35638,-1.2752,-3.7497,-3.0346,-1.2752,18.776,54.421,-8.7856,-3.7497,54.421,159.57
1.9904,-0.59251,-4.6019,-9.383,-0.59251,0.25755,1.2737,2.5947,-4.6019,1.2737,11.603,23.565,-9.383,2.5947,23.565,48.58
1.1036,-0.058097,-2.3677,-7.4832,-0.058097,0.07157,0.048512,0.1632,-2.3677,0.048512,8.1538,24.356,-7.4832,0.1632,24.356,74.48
2.5528,0.24856,-2.5862,-14.843,0.24856,0.24727,-0.62871,-2.0696,-2.5862,-0.62871,4.8134,19.216,-14.843,-2.0696,19.216,97.531
0.66567,-0.059376,-2.0833,-3.5321,-0.059376,0.079848,0.33884,0.588,-2.0833,0.33884,9.0073,15.655,-3.5321,0.588,15.655,27.736
0.38974,-0.17254,0.96109,3.8779,-0.17254,0.45689,-0.71793,-3.3534,0.96109,-0.71793,4.8406,18.088,3.8779,-3.3534,18.088,70.388
1.2833,-0.050932,-1.6473,-6.8437,-0.050932,0.15846,-0.040903,-0.25691,-1.6473,-0.040903,3.9462,15.078,-6.8437,-0.25691,15.078,61.342
0.51731,0.048167,-0.362,-2.6377,0.048167,0.062195,-0.10474,-0.54167,-0.362,-0.10474,2.1142,8.859,-2.6377,-0.54167,8.859,45.086
3.249,0.44169,-0.90992,-9.8506,0.44169,0.48157,-0.2282,-1.3923,-0.90992,-0.2282,1.2677,6.0833,-9.8506,-1.3923,6.0833,46.453
6.2026,-1.0206,-9.5047,-41.166,-1.0206,0.37633,1.7873,8.1593,-9.5047,1.7873,15.278,66.766,-41.166,8.1593,66.766,298.64
1.653,-0.15773,-3.9243,-10.04,-0.15773,0.073069,0.3,0.86704,-3.9243,0.3,13.673,34.232,-10.04,0.86704,34.232,87.286
0.23489,0.048755,-0.829,-2.7953,0.048755,0.22629,-0.27151,-1.1409,-0.829,-0.27151,6.5893,21.277,-2.7953,-1.1409,21.277,69.909
2.0912,-0.15928,-3.8349,-10.285,-0.15928,0.14749,0.1212,0.25286,-3.8349,0.1212,8.4079,21.683,-10.285,0.25286,21.683,59.513
0.28566,0.0018958,-0.33609,-0.55676,0.0018958,0.057743,0.13635,0.19787,-0.33609,0.13635,12.409,20.494,-0.55676,0.19787,20.494,36.45
0.54259,-0.0058254,-0.12611,-0.69228,-0.0058254,0.23908,-0.61861,-1.4555,-0.12611,-0.61861,5.5574,11.544,-0.69228,-1.4555,11.544,25.92
3.0283,0.069173,-2.5659,-20.407,0.069173,0.15821,0.29153,0.28984,-2.5659,0.29153,5.8559,22.816,-20.407,0.28984,22.816,150.06
0.33058,-0.018107,-1.185,-4.1556,-0.018107,0.21965,0.11788,0.46832,-1.185,0.11788,6.097,20.001,-4.1556,0.46832,20.001,67.287
1.4056,-0.019329,-1.799,-14.486,-0.019329,0.18277,-0.21648,-1.5083,-1.799,-0.21648,4.0432,25.846,-14.486,-1.5083,25.846,194.76
0.95553,0.18752,-2.2163,-7.0413,0.18752,0.11171,-0.60256,-1.7268,-2.2163,-0.60256,7.6539,21.034,-7.0413,-1.7268,21.034,64.297
5.1785,-1.6046,-3.9034,-15.821,-1.6046,0.85773,1.243,2.1639,-3.9034,1.243,4.6508,15.333,-15.821,2.1639,15.333,84.506
9.4386,-1.4572,-8.7964,-26.21,-1.4572,0.45745,2.0049,4.8269,-8.7964,2.0049,14.521,30.75,-26.21,4.8269,30.75,79.901
1.5548,-0.21376,-2.4857,-7.309,-0.21376,0.10877,0.4182,1.3361,-2.4857,0.4182,5.1866,15.808,-7.309,1.3361,15.808,52.134
0.21545,-0.070467,-0.67284,-1.4821,-0.070467,0.1665,0.48771,1.2661,-0.67284,0.48771,12.974,30.037,-1.4821,1.2661,30.037,72.544
2.2205,-0.077864,-2.5042,-11.403,-0.077864,0.22138,-0.73298,-1.7285,-2.5042,-0.73298,10.249,34.939,-11.403,-1.7285,34.939,127.74
2.2448,-0.051822,-2.0379,-10.507,-0.051822,0.38392,-0.52763,-2.4245,-2.0379,-0.52763,3.9973,18.893,-10.507,-2.4245,18.893,94.544
0.993,0.15341,-1.604,-5.6748,0.15341,0.1116,-0.18549,-0.99467,-1.604,-0.18549,5.1911,16.172,-5.6748,-0.99467,16.172,54.428
4.1516,0.65628,-8.5014,-30.399,0.65628,0.2423,-1.4708,-4.8479,-8.5014,-1.4708,19.687,67.956,-30.399,-4.8479,67.956,240.73
1.5552,-0.17158,-1.3128,-7.581,-0.17158,0.09665,0.010519,0.51956,-1.3128,0.010519,3.7433,16.102,-7.581,0.51956,16.102,77.655
1.4339,-0.41244,0.10598,-1.8979,-0.41244,0.47735,-0.53083,-1.5569,0.10598,-0.53083,5.1407,18.515,-1.8979,-1.5569,18.515,71.928
2.3069,-0.22862,-1.0787,-7.6878,-0.22862,0.12787,0.10718,0.6524,-1.0787,0.10718,3.1148,10.452,-7.6878,0.6524,10.452,46.477
1.0521,0.045629,-1.0882,-5.6143,0.045629,0.062355,-0.1441,-0.29806,-1.0882,-0.1441,3.5716,9.0615,-5.6143,-0.29806,9.0615,37.126
0.98007,-0.1578,1.3312,3.0346,-0.1578,0.23869,-0.82896,-3.9647,1.3312,-0.82896,5.3025,23.55,3.0346,-3.9647,23.55,125.43
1.5454,0.0048943,-0.94464,-9.185,0.0048943,0.096665,0.0265,0.049946,-0.94464,0.0265,0.70869,5.957,-9.185,0.049946,5.957,60.891
5.5584,-0.33475,-2.957,-28.331,-0.33475,0.10469,0.21618,1.5796,-2.957,0.21618,1.9778,16.02,-28.331,1.5796,16.02,149.05
0.16638,0.1152,-0.10529,-1.497,0.1152,0.2284,-0.2306,-2.5074,-0.10529,-0.2306,1.5157,11.376,-1.497,-2.5074,11.376,95.427
1.8657,0.23573,-0.92844,-12.55,0.23573,0.14257,-0.11469,-1.7366,-0.92844,-0.11469,0.99959,6.9364,-12.55,-1.7366,6.9364,88.084
2.6775,-0.42153,-0.41912,-13.765,-0.42153,0.28076,0.080871,2.3246,-0.41912,0.080871,2.1219,7.2631,-13.765,2.3246,7.2631,88.514
4.845,-0.17668,-3.8363,-24.333,-0.17668,0.068616,0.14808,1.043,-3.8363,0.14808,4.251,22.548,-24.333,1.043,22.548,134.43
0.85997,-0.014844,-1.2192,-7.9185,-0.014844,0.1216,0.0060414,-0.038553,-1.2192,0.0060414,2.7029,15.571,-7.9185,-0.038553,15.571,96.506
1.5211,0.057016,-0.53388,-6.8949,0.057016,0.078207,0.071981,0.30592,-0.53388,0.071981,0.99095,5.9046,-6.8949,0.30592,5.9046,50.004
1.5956,0.065998,-1.3749,-7.2305,0.065998,0.055251,0.0027452,-0.16067,-1.3749,0.0027452,2.0098,8.4871,-7.2305,-0.16067,8.4871,39.751
0.62707,0.23829,-0.67791,-3.593,0.23829,0.20545,-0.51277,-2.2194,-0.67791,-0.51277,2.9193,12.877,-3.593,-2.2194,12.877,60.815
2.5282,0.42536,-1.773,-14.667,0.42536,0.19373,-0.35428,-2.4983,-1.773,-0.35428,2.6527,15.297,-14.667,-2.4983,15.297,105.05
0.41646,0.018009,-0.25416,-2.0068,0.018009,0.23994,-0.0068541,-0.14027,-0.25416,-0.0068541,0.80643,6.1436,-2.0068,-0.14027,6.1436,61.172
1.9693,0.018859,-1.1915,-11.305,0.018859,0.077828,-0.065938,-0.60169,-1.1915,-0.065938,3.811,13.86,-11.305,-0.60169,13.86,90.879
0.79682,0.12156,-0.12921,-8.2694,0.12156,0.19235,0.014551,0.64223,-0.12921,0.014551,0.26924,3.4881,-8.2694,0.64223,3.4881,146.33
2.1514,0.19551,-2.1234,-15.13,0.19551,0.14052,-0.22508,-2.49,-2.1234,-0.22508,2.7923,21.267,-15.13,-2.49,21.267,181.09
1.5845,-0.18696,-1.6571,-9.2681,-0.18696,0.23451,0.13098,1.0641,-1.6571,0.13098,3.7288,17.775,-9.2681,1.0641,17.775,90.477
5.4968,-0.72343,-6.5285,-36.471,-0.72343,0.21201,0.81812,4.5501,-6.5285,0.81812,10.244,51.37,-36.471,4.5501,51.37,269.92
2.5886,-0.49805,-3.4846,-11.9,-0.49805,0.20876,0.7668,2.5912,-3.4846,0.7668,13.7,36.752,-11.9,2.5912,36.752,103
3.8626,-2.0595,0.62954,14.315,-2.0595,2.3638,-4.5455,-19.133,0.62954,-4.5455,17.459,47.673,14.315,-19.133,47.673,173.78
0.8559,0.11791,-0.18407,-5.6795,0.11791,0.16234,-0.26716,-3.1495,-0.18407,-0.26716,1.2883,8.6801,-5.6795,-3.1495,8.6801,99.348
3.2101,-0.74171,-4.1705,-18.003,-0.74171,0.34827,1.0533,4.3969,-4.1705,1.0533,7.2718,30.493,-18.003,4.3969,30.493,141.55
2.4116,-0.4671,-0.75597,-14.128,-0.4671,0.18052,0.21893,2.741,-0.75597,0.21893,1.3376,11.322,-14.128,2.741,11.322,137.05
7.5384,0.63995,-7.5755,-33.331,0.63995,0.16279,-0.60776,-2.5057,-7.5755,-0.60776,8.5442,35.208,-33.331,-2.5057,35.208,154.43
1.0236,-0.21418,-3.13,-9.5706,-0.21418,0.3178,1.3797,4.1062,-3.13,1.3797,13.724,40.934,-9.5706,4.1062,40.934,126.16
1.8167,-0.34109,-0.96949,-2.3568,-0.34109,0.3253,1.1605,2.5331,-0.96949,1.1605,12.546,28.684,-2.3568,2.5331,28.684,67.007
2.2518,-0.37273,-5.8738,-18.414,-0.37273,0.28661,2.0022,6.2658,-5.8738,2.0022,24.871,77.066,-18.414,6.2658,77.066,239.61
0.9728,-0.39307,-3.306,-11.745,-0.39307,0.37317,2.0425,6.602,-3.306,2.0425,17.647,58.733,-11.745,6.602,58.733,199.84
0.56938,-0.058211,4.4326,11.738,-0.058211,0.18383,-0.20369,-0.83212,4.4326,-0.20369,68.01,173.94,11.738,-0.83212,173.94,448.37
3.0313,0.15354,-7.4097,-20.419,0.15354,0.18866,-0.52971,-1.4641,-7.4097,-0.52971,22.209,58.586,-20.419,-1.4641,58.586,156.72
1.0292,-0.088247,-0.71715,-3.737,-0.088247,0.1947,-0.69209,-1.33,-0.71715,-0.69209,15.987,38.489,-3.737,-1.33,38.489,98.504
1.5069,-0.25308,-0.61796,-7.0396,-0.25308,0.22227,-0.16504,0.28801,-0.61796,-0.16504,3.4785,12.275,-7.0396,0.28801,12.275,64.828
2.1351,-0.18963,0.4088,-3.9539,-0.18963,0.12352,-0.44706,-1.4909,0.4088,-0.44706,15.17,70.179,-3.9539,-1.4909,70.179,348.02
0.80314,0.051088,-2.5755,-10.054,0.051088,0.18844,0.24457,0.51177,-2.5755,0.24457,13.8,48.955,-10.054,0.51177,48.955,179.15
4.7944,-0.57795,-4.8126,-30.505,-0.57795,0.23666,0.84657,4.0582,-4.8126,0.84657,7.8748,34.58,-30.505,4.0582,34.58,205.16
6.3909,-1.2854,-1.8689,-20.979,-1.2854,0.44028,0.042294,3.5601,-1.8689,0.042294,4.5448,16.791,-20.979,3.5601,16.791,98.402
2.3215,-0.40038,-1.3692,-11.433,-0.40038,0.3541,-1.5127,-2.5731,-1.3692,-1.5127,17.907,48.895,-11.433,-2.5731,48.895,161.83
4.2597,-0.65573,-4.2552,-15.041,-0.65573,0.20834,0.89295,2.7381,-4.2552,0.89295,8.8131,22.979,-15.041,2.7381,22.979,68.011
1.1321,0.22549,-2.4174,-10.62,0.22549,0.25939,-0.78164,-3.2271,-2.4174,-0.78164,11.838,41.39,-10.62,-3.2271,41.39,155.57
0.5038,-0.0038471,-0.22967,-0.92198,-0.0038471,0.11718,-0.34925,-1.2937,-0.22967,-0.34925,3.298,11.197,-0.92198,-1.2937,11.197,41.33
0.5935,0.13369,-1.1669,-3.9858,0.13369,0.18214,-0.18393,-0.93341,-1.1669,-0.18393,9.6063,27.003,-3.9858,-0.93341,27.003,80.104
1.0792,0.29305,-2.8951,-6.0491,0.29305,0.54873,-2.6714,-4.7809,-2.8951,-2.6714,17.775,33.285,-6.0491,-4.7809,33.285,63.958
5.721,-0.68524,3.1807,-8.8461,-0.68524,0.21194,-1.0742,-0.83457,3.1807,-1.0742,18.147,42.999,-8.8461,-0.83457,42.999,156.51
3.4282,-0.98274,-1.7588,-5.8089,-0.98274,0.51589,0.40944,1.1956,-1.7588,0.40944,7.0532,23.325,-5.8089,1.1956,23.325,79.088
1.4174,-0.3464,1.7083,2.1793,-0.3464,0.23905,-1.2416,-2.5266,1.7083,-1.2416,17.588,38.58,2.1793,-2.5266,38.58,87.428
0.63104,-0.11387,-2.8583,-5.3885,-0.11387,0.19298,0.67416,1.4413,-2.8583,0.67416,16.956,31.683,-5.3885,1.4413,31.683,60.627
0.71669,0.0094625,-2.6019,-3.7516,0.0094625,0.077003,-0.12369,-0.18768,-2.6019,-0.12369,15.915,22.905,-3.7516,-0.18768,22.905,33.213
0.55994,0.10604,0.19282,0.2658,0.10604,0.15418,0.11275,0.38158,0.19282,0.11275,11.066,22.109,0.2658,0.38158,22.109,45.338
0.7277,0.022066,-1.0576,-2.4699,0.022066,0.10766,-0.79706,-1.8999,-1.0576,-0.79706,13.216,30.791,-2.4699,-1.8999,30.791,72.369
1.2401,-0.13032,-1.7085,-8.1763,-0.13032,0.15892,-0.17393,-0.49703,-1.7085,-0.17393,6.867,25.301,-8.1763,-0.49703,25.301,102.27
1.2861,-0.0075257,-2.8535,-10.278,-0.0075257,0.04622,-0.027582,-0.1053,-2.8535,-0.027582,9.3711,33.392,-10.278,-0.1053,33.392,120.19
0.2676,-0.032144,0.45545,0.96437,-0.032144,0.17175,-0.91616,-1.7437,0.45545,-0.91616,14.316,27.135,0.96437,-1.7437,27.135,52.315
0.76995,0.15388,-2.3266,-4.9233,0.15388,0.20483,-1.449,-2.5414,-2.3266,-1.449,20.236,37.129,-4.9233,-2.5414,37.129,71.24
1.9766,-0.1015,-4.1603,-6.9117,-0.1015,0.22869,-0.19818,-0.39207,-4.1603,-0.19818,14.458,22.266,-6.9117,-0.39207,22.266,35.37
0.43904,-0.055585,-0.84997,-0.90308,-0.055585,0.32841,-1.8855,-4.0662,-0.84997,-1.8855,21.542,41.308,-0.90308,-4.0662,41.308,82.078
0.94024,-0.074955,2.9758,5.6633,-0.074955,0.43966,-2.3295,-2.9332,2.9758,-2.3295,28.191,41.211,5.6633,-2.9332,41.211,63.502
0.3795,0.27748,-1.608,-3.207,0.27748,0.40719,-1.615,-3.4807,-1.608,-1.615,14.529,28.381,-3.207,-3.4807,28.381,56.604
0.61303,-0.089606,0.0003795,-0.64569,-0.089606,0.18859,0.038898,0.16793,0.0003795,0.038898,10.936,22.177,-0.64569,0.16793,22.177,46.944
0.36864,-0.15351,0.63743,1.8983,-0.15351,0.21823,-0.99234,-2.758,0.63743,-0.99234,17.202,39.346,1.8983,-2.758,39.346,93.913
0.3693,-0.044132,-2.3718,-6.5124,-0.044132,0.15162,0.12681,0.35228,-2.3718,0.12681,25.075,67.432,-6.5124,0.35228,67.432,182.39
6.1493,-1.4795,-9.28,-29.248,-1.4795,0.61107,2.572,7.7612,-9.28,2.572,17.136,53.505,-29.248,7.7612,53.505,168.95
1.3889,-0.020766,-1.344,-4.3862,-0.020766,0.10824,0.11405,0.076126,-1.344,0.11405,6.3054,18.164,-4.3862,0.076126,18.164,55.94
3.6698,0.54929,-7.7043,-41.737,0.54929,0.21381,-1.3112,-7.1173,-7.7043,-1.3112,18.18,94.306,-41.737,-7.1173,94.306,503.83
0.40836,-0.17637,0.85518,2.7687,-0.17637,0.25206,-1.2329,-4.2084,0.85518,-1.2329,8.8255,28.763,2.7687,-4.2084,28.763,97.43
1.343,0.0037948,-1.2064,-6.5373,0.0037948,0.12959,0.11986,0.1085,-1.2064,0.11986,4.286,14.555,-6.5373,0.1085,14.555,57.371
3.421,-0.666,1.6005,-5.9037,-0.666,0.68426,-2.4227,-3.2086,1.6005,-2.4227,11.707,19.462,-5.9037,-3.2086,19.462,60.445
0.80542,0.028778,0.36126,-0.25045,0.028778,0.51269,-1.5715,-5.7619,0.36126,-1.5715,7.9587,26.158,-0.25045,-5.7619,26.158,91.738
0.7978,-0.061319,-2.7625,-11.229,-0.061319,0.19822,0.72941,2.6681,-2.7625,0.72941,14.858,57.327,-11.229,2.6681,57.327,224.92
2.5098,-0.25404,-0.71616,-9.9251,-0.25404,0.19945,-0.17156,-0.10425,-0.71616,-0.17156,2.3794,12.251,-9.9251,-0.10425,12.251,82.431
0.83979,0.031981,0.25648,-2.1956,0.031981,0.1222,-0.065582,-0.51039,0.25648,-0.065582,2.3264,10.239,-2.1956,-0.51039,10.239,64.356
0.78079,-0.0075565,-1.1737,-5.9702,-0.0075565,0.13005,0.17701,0.98107,-1.1737,0.17701,3.1645,14.606,-5.9702,0.98107,14.606,71.047
2.4901,-0.031136,-2.3279,-17.333,-0.031136,0.17613,-0.37621,-1.4131,-2.3279,-0.37621,5.0577,27.692,-17.333,-1.4131,27.692,170.17
2.63,-0.040477,-1.8744,-15.12,-0.040477,0.39881,-0.40604,-3.6425,-1.8744,-0.40604,2.9149,18.991,-15.12,-3.6425,18.991,146.24
3.4201,-0.28714,-2.8615,-19.095,-0.28714,0.2171,0.081276,0.81739,-2.8615,0.081276,3.001,18.354,-19.095,0.81739,18.354,118.81
0.66809,-0.30612,0.48683,-0.5876,-0.30612,0.51966,-0.55252,-1.509,0.48683,-0.55252,2.2867,7.7455,-0.5876,-1.509,7.7455,41.64
0.7038,0.076906,-0.51937,-4.2248,0.076906,0.15685,-0.077869,-0.80783,-0.51937,-0.077869,2.4542,12.111,-4.2248,-0.80783,12.111,67.127
0.57516,-0.11968,-0.27308,-1.1797,-0.11968,0.32291,-0.40698,-2.9314,-0.27308,-0.40698,1.6063,9.3018,-1.1797,-2.9314,9.3018,61.853
1.206,-0.21302,0.20431,-5.0387,-0.21302,0.20699,0.39286,2.2391,0.20431,0.39286,2.8085,8.0467,-5.0387,2.2391,8.0467,55.603
2.6518,-0.013032,-2.0888,-10.994,-0.013032,0.24641,0.4542,1.2826,-2.0888,0.4542,4.0999,15.399,-10.994,1.2826,15.399,66.8
1.0722,0.18903,-0.61736,-7.39,0.18903,0.33184,0.10313,-2.1047,-0.61736,0.10313,1.0676,8.0536,-7.39,-2.1047,8.0536,115.27
0.6635,0.0067979,-0.73536,-5.1444,0.0067979,0.38783,0.23952,0.43104,-0.73536,0.23952,1.2065,6.8672,-5.1444,0.43104,6.8672,47.031
4.6251,-0.96021,-2.1211,-24.937,-0.96021,0.37683,0.54269,5.113,-2.1211,0.54269,2.3137,13.462,-24.937,5.113,13.462,140.98
0.99334,0.036867,-0.8973,-9.6429,0.036867,0.1442,-0.0026054,-0.35725,-0.8973,-0.0026054,1.3953,11.241,-9.6429,-0.35725,11.241,108.91
4.1408,-0.72443,-1.1608,-12.608,-0.72443,0.29636,0.29199,3.9798,-1.1608,0.29199,0.56748,5.5754,-12.608,3.9798,5.5754,80.862
3.5267,-0.8729,-1.1055,-15.267,-0.8729,0.36515,0.13488,3.7996,-1.1055,0.13488,0.96706,6.017,-15.267,3.7996,6.017,72.962
7.0028,-0.41713,-1.3995,-47.772,-0.41713,0.20921,0.1746,3.0266,-1.3995,0.1746,0.64965,10.227,-47.772,3.0266,10.227,342.2
2.4164,0.28747,-0.36248,-13.329,0.28747,0.21543,0.010332,-1.5645,-0.36248,0.010332,0.23829,2.6118,-13.329,-1.5645,2.6118,81.391
3.1206,-0.4174,0.27134,-12.399,-0.4174,0.14945,-0.044779,1.6038,0.27134,-0.044779,0.39452,-0.27596,-12.399,1.6038,-0.27596,64.071
3.2118,-0.2695,0.12356,-13.984,-0.2695,0.088407,0.039922,1.1863,0.12356,0.039922,0.50421,0.077131,-13.984,1.1863,0.077131,66.793
1.7634,-0.30814,-0.13373,-5.8758,-0.30814,0.13356,0.039169,0.90225,-0.13373,0.039169,0.54503,1.672,-5.8758,0.90225,1.672,26.034
3.3841,0.4793,-0.5354,-17.845,0.4793,0.37091,-0.20986,-2.622,-0.5354,-0.20986,0.61613,4.7526,-17.845,-2.622,4.7526,117.7
1.1176,-0.055863,-1.8166,-9.1185,-0.055863,0.073952,0.13618,0.68882,-1.8166,0.13618,4.274,19.389,-9.1185,0.68882,19.389,91.816
1.5229,0.1717,-0.23246,-11.892,0.1717,0.2173,0.21909,-1.8143,-0.23246,0.21909,0.75032,2.5909,-11.892,-1.8143,2.5909,103.61
1.3352,-0.19007,-1.4432,-8.4045,-0.19007,0.17222,0.15523,0.39349,-1.4432,0.15523,2.8512,15.53,-8.4045,0.39349,15.53,97.102
5.8249,-0.25008,-3.1037,-24.372,-0.25008,0.14567,0.12611,0.67065,-3.1037,0.12611,2.6858,14.565,-24.372,0.67065,14.565,109.24
0.25018,0.080665,8.3058e-05,0.37863,0.080665,0.18601,0.29648,1.5212,8.3058e-05,0.29648,2.359,8.6879,0.37863,1.5212,8.6879,35.449
0.52496,0.13219,-0.54373,-2.595,0.13219,0.12184,-0.22429,-0.88856,-0.54373,-0.22429,1.8853,7.8185,-2.595,-0.88856,7.8185,35.846
2.1381,-0.37128,-5.0659,-20.653,-0.37128,0.16708,0.91259,3.6267,-5.0659,0.91259,13.115,52.141,-20.653,3.6267,52.141,210.71
0.82554,-0.23902,-2.1936,-6.8753,-0.23902,0.23366,0.93733,2.9495,-2.1936,0.93733,7.8417,24.657,-6.8753,2.9495,24.657,78.811
0.24048,0.044291,-0.95698,-1.2875,0.044291,0.37038,2.6747,3.3403,-0.95698,2.6747,53.752,66.027,-1.2875,3.3403,66.027,81.728
1.7696,0.011535,-2.1829,-15.95,0.011535,0.085411,-0.17446,-0.63162,-2.1829,-0.17446,4.8514,28.038,-15.95,-0.63162,28.038,183.34
1.7754,-0.036947,-0.47416,-6.4446,-0.036947,0.12257,0.093,0.35628,-0.47416,0.093,1.566,7.8734,-6.4446,0.35628,7.8734,57.093
9.6375,-0.96068,-5.1976,-50.831,-0.96068,0.18518,0.42757,4.8721,-5.1976,0.42757,3.4615,29.904,-50.831,4.8721,29.904,282.88
2.0286,0.21748,-3.4247,-14.635,0.21748,0.12769,-0.34049,-1.2713,-3.4247,-0.34049,6.2547,28.163,-14.635,-1.2713,28.163,146.07
0.28159,-0.040781,-0.47286,-2.3673,-0.040781,0.072826,0.047132,0.12651,-0.47286,0.047132,2.1154,11.013,-2.3673,0.12651,11.013,59.078
0.31654,0.12131,-0.54514,-3.7769,0.12131,0.14516,-0.40451,-2.8126,-0.54514,-0.40451,2.4645,14.832,-3.7769,-2.8126,14.832,96.246
1.2326,-0.11484,-1.4837,-7.5539,-0.11484,0.10749,0.10376,0.53047,-1.4837,0.10376,5.1932,19.833,-7.5539,0.53047,19.833,83.885
2.3911,-0.37845,-1.8282,-10.433,-0.37845,0.19095,0.21081,1.2415,-1.8282,0.21081,2.0358,10.216,-10.433,1.2415,10.216,56.333
7.7142,0.8139,-10.649,-34.61,0.8139,0.39966,-1.6949,-5.2546,-10.649,-1.6949,19.107,59.085,-34.61,-5.2546,59.085,185.71
0.76925,0.12323,-0.56102,-1.9063,0.12323,0.13076,-0.12595,-0.44411,-0.56102,-0.12595,12.608,17.206,-1.9063,-0.44411,17.206,26.148
1.0223,-0.43659,-0.46629,-2.9304,-0.43659,0.36302,-0.041364,0.5459,-0.46629,-0.041364,1.9978,6.7096,-2.9304,0.5459,6.7096,26.025
3.222,-0.44318,-5.1727,-17.622,-0.44318,0.23415,0.85864,3.1183,-5.1727,0.85864,10.907,34.852,-17.622,3.1183,34.852,114.09
5.2877,-1.0375,-3.901,-26.446,-1.0375,0.37246,0.74666,5.6062,-3.901,0.74666,7.6065,34.078,-26.446,5.6062,34.078,184.37
0.6978,-0.032138,-1.5353,-7.9796,-0.032138,0.13491,-0.042899,-0.41728,-1.5353,-0.042899,5.7002,29.505,-7.9796,-0.41728,29.505,154.97
1.4828,0.060933,-3.0395,-13.482,0.060933,0.10818,-0.12625,-0.7598,-3.0395,-0.12625,7.2849,31.663,-13.482,-0.7598,31.663,141.99
3.0053,-0.51073,-1.466,-14.952,-0.51073,0.41086,0.48334,2.8459,-1.466,0.48334,2.2035,12.164,-14.952,2.8459,12.164,93.58
5.2618,-0.94844,0.091887,-24.391,-0.94844,0.5047,0.057096,5.5157,0.091887,0.057096,1.319,6.3812,-24.391,5.5157,6.3812,157.63
2.6993,-0.42468,0.20551,-12.454,-0.42468,0.201,-0.061494,2.5124,0.20551,-0.061494,0.18324,-0.36361,-12.454,2.5124,-0.36361,67.732
0.93019,-0.31592,-1.0948,-7.5433,-0.31592,0.30344,0.24758,1.8531,-1.0948,0.24758,3.7656,16.495,-7.5433,1.8531,16.495,99.274
1.6133,-0.13404,0.084888,-5.2315,-0.13404,0.1938,0.14893,1.6909,0.084888,0.14893,1.9981,10.435,-5.2315,1.6909,10.435,81.531
1.5359,-0.45382,-2.6945,-8.1096,-0.45382,0.22476,1.4802,3.6693,-2.6945,1.4802,22.535,43.166,-8.1096,3.6693,43.166,92.219
1.0442,-0.20027,-0.47773,-2.1642,-0.20027,0.14436,0.1518,0.42764,-0.47773,0.1518,1.1953,4.3081,-2.1642,0.42764,4.3081,21.256
1.8923,-0.4297,-0.14312,-11.36,-0.4297,0.20969,-0.064412,2.0956,-0.14312,-0.064412,0.95147,4.8504,-11.36,2.0956,4.8504,90.255
1.3162,0.077991,-1.4458,-5.9897,0.077991,0.072174,-0.058411,-0.3112,-1.4458,-0.058411,2.9857,12.266,-5.9897,-0.3112,12.266,53.651
1.9048,-0.48998,-1.8005,-13.36,-0.48998,0.22437,0.49207,3.2244,-1.8005,0.49207,2.3466,14.591,-13.36,3.2244,14.591,105.92
30.958,-1.4922,-17.043,-162.73,-1.4922,0.13639,0.77301,7.6026,-17.043,0.77301,10.191,91.748,-162.73,7.6026,91.748,863.89
4.9672,-0.31378,-4.0279,-24.729,-0.31378,0.14379,0.14932,1.0138,-4.0279,0.14932,9.1673,39.483,-24.729,1.0138,39.483,189.89
1.9077,-0.35216,-1.6546,-8.1684,-0.35216,0.40502,0.31714,1.2561,-1.6546,0.31714,3.2937,13.894,-8.1684,1.2561,13.894,62.728
1.559,-0.095827,-2.0645,-13.243,-0.095827,0.12279,0.023209,0.45769,-2.0645,0.023209,4.9237,24.13,-13.243,0.45769,24.13,136.98
0.83573,-0.028099,-0.23369,-1.7152,-0.028099,0.13988,-0.093119,-0.29292,-0.23369,-0.093119,6.5662,37.518,-1.7152,-0.29292,37.518,219.01
3.2957,-0.39225,-3.8503,-34.592,-0.39225,0.16864,0.49743,4.1743,-3.8503,0.49743,4.8565,44.108,-34.592,4.1743,44.108,420.83
0.76279,-0.13096,-0.31192,-4.6739,-0.13096,0.16302,-0.11027,0.43568,-0.31192,-0.11027,1.3851,5.3783,-4.6739,0.43568,5.3783,41.649
0.84669,-0.26985,3.4245,6.2451,-0.26985,0.47636,-1.781,-3.464,3.4245,-1.781,17.55,32.645,6.2451,-3.464,32.645,61.23
1.1863,-0.17714,2.4703,6.4185,-0.17714,0.19029,-0.5726,-3.8245,2.4703,-0.5726,6.6189,28.085,6.4185,-3.8245,28.085,230.98
3.554,-0.088078,-0.83187,-13.354,-0.088078,0.44842,-0.92782,-4.5016,-0.83187,-0.92782,3.6691,21.177,-13.354,-4.5016,21.177,154.05
1.1216,-0.047656,0.48442,-6.0971,-0.047656,0.086934,-0.023264,-0.29199,0.48442,-0.023264,4.0432,5.1561,-6.0971,-0.29199,5.1561,64.407
1.7185,-0.05921,0.058301,-10.064,-0.05921,0.16664,0.0075377,0.22365,0.058301,0.0075377,1.7182,5.3938,-10.064,0.22365,5.3938,87.011
1.682,0.028012,-0.5774,-5.8783,0.028012,0.096255,-0.30295,-1.2785,-0.5774,-0.30295,6.0189,19.112,-5.8783,-1.2785,19.112,77.231
0.50953,-0.081746,1.2376,3.0583,-0.081746,0.21088,-1.0074,-3.9538,1.2376,-1.0074,8.3715,29.288,3.0583,-3.9538,29.288,110.67
0.90063,0.069623,-0.83475,-6.8674,0.069623,0.12461,-0.049253,-0.59377,-0.83475,-0.049253,1.3508,8.6925,-6.8674,-0.59377,8.6925,68.481
0.74123,-0.0029978,-0.17056,-5.2882,-0.0029978,0.11434,0.04861,0.42409,-0.17056,0.04861,0.29032,1.6064,-5.2882,0.42409,1.6064,44.014
0.22689,-0.0136,-0.099723,-0.71769,-0.0136,0.27409,-0.23419,-1.3225,-0.099723,-0.23419,1.0489,3.4649,-0.71769,-1.3225,3.4649,27.465
1.3594,-0.079167,-1.2801,-4.6645,-0.079167,0.12155,-0.055056,-0.23103,-1.2801,-0.055056,2.592,8.6232,-4.6645,-0.23103,8.6232,30.216
0.40668,0.035522,-0.76995,-6.4655,0.035522,0.097293,-0.023632,-0.14631,-0.76995,-0.023632,2.814,18.139,-6.4655,-0.14631,18.139,136.04
0.42964,0.0044814,-0.28911,-1.192,0.0044814,0.090891,-0.015862,-0.36213,-0.28911,-0.015862,0.68366,3.2156,-1.192,-0.36213,3.2156,31.283
1.9884,-0.12188,-0.61613,-11.994,-0.12188,0.14807,-0.17602,1.191,-0.61613,-0.17602,0.99473,3.3763,-11.994,1.191,3.3763,80.42
2.8309,-0.52056,-1.4282,-17.563,-0.52056,0.52484,0.47462,2.6204,-1.4282,0.47462,1.5244,10.718,-17.563,2.6204,10.718,121.92
4.8295,-0.79055,-0.74282,-29.87,-0.79055,0.23716,0.17899,5.1546,-0.74282,0.17899,0.64424,5.3563,-29.87,5.1546,5.3563,191.19
1.0607,0.055396,0.3796,-2.2492,0.055396,0.086154,0.23393,0.4082,0.3796,0.23393,1.8701,2.7528,-2.2492,0.4082,2.7528,14.922
2.0572,0.10506,-0.445,-11.205,0.10506,0.22402,0.034054,-1.6062,-0.445,0.034054,0.39296,2.7528,-11.205,-1.6062,2.7528,76.324
1.4891,-0.0059476,-1.1487,-6.0684,-0.0059476,0.089972,0.056325,0.086704,-1.1487,0.056325,1.3858,6.1204,-6.0684,0.086704,6.1204,31.05
4.4221,-0.55328,-2.197,-17.552,-0.55328,0.20606,0.11816,1.3699,-2.197,0.11816,1.7013,11.22,-17.552,1.3699,11.22,83.66
2.1577,-0.36157,-1.9726,-8.6855,-0.36157,0.15931,0.35247,1.3358,-1.9726,0.35247,2.2123,8.6054,-8.6855,1.3358,8.6054,39.333
0.79529,-0.089884,-1.0236,-4.8856,-0.089884,0.28481,0.96747,3.6807,-1.0236,0.96747,6.9643,31.117,-4.8856,3.6807,31.117,149.38
6.5755,-1.1742,-3.931,-26.236,-1.1742,0.48417,0.71577,4.509,-3.931,0.71577,2.659,15.843,-26.236,4.509,15.843,109.43
2.6842,0.11624,-0.85834,-10.063,0.11624,0.10204,0.011724,-0.42963,-0.85834,0.011724,0.59143,3.8098,-10.063,-0.42963,3.8098,42.527
2.8312,-0.50373,-1.203,-8.9563,-0.50373,0.30993,0.16175,-0.094068,-1.203,0.16175,0.81475,4.9102,-8.9563,-0.094068,4.9102,48.915
1.18,0.11534,-0.74884,-10.385,0.11534,0.085178,-0.10032,-1.0862,-0.74884,-0.10032,1.406,13.038,-10.385,-1.0862,13.038,145.86
6.684,0.72176,-3.2009,-37.777,0.72176,0.29699,-0.22184,-4.0714,-3.2009,-0.22184,2.0024,19.562,-37.777,-4.0714,19.562,223.67
0.39845,0.058469,-0.15725,-2.6375,0.058469,0.2062,-0.12198,-1.4793,-0.15725,-0.12198,1.1383,8.3564,-2.6375,-1.4793,8.3564,75.795
1.5356,-0.055616,-0.40831,-10.943,-0.055616,0.17873,-0.14425,0.42507,-0.40831,-0.14425,1.1104,6.209,-10.943,0.42507,6.209,108.47
0.26457,0.045548,-0.12918,-1.6347,0.045548,0.093879,-0.23835,-2.1819,-0.12918,-0.23835,2.2067,19.004,-1.6347,-2.1819,19.004,174.75
1.5042,-0.069999,-2.0343,-6.9781,-0.069999,0.14026,0.14375,0.57592,-2.0343,0.14375,4.6669,14.826,-6.9781,0.57592,14.826,48.915
1.6341,-0.034594,-1.0833,-8.8315,-0.034594,0.25352,0.0050852,-0.26473,-1.0833,0.0050852,1.8916,10.095,-8.8315,-0.26473,10.095,67.313
